0.000000 0.021600 
10000.000000 0.071200 
20000.000000 0.112000 
30000.000000 0.187200 
40000.000000 0.252000 
50000.000000 0.227200 
60000.000000 0.236800 
70000.000000 0.254400 
80000.000000 0.260800 
90000.000000 0.239200 
100000.000000 0.244800 
110000.000000 0.223200 
120000.000000 0.218400 
130000.000000 0.215200 
140000.000000 0.227200 
150000.000000 0.234400 
160000.000000 0.247200 
170000.000000 0.252000 
180000.000000 0.256000 
190000.000000 0.273600 
200000.000000 0.308000 
210000.000000 0.321600 
220000.000000 0.331200 
230000.000000 0.313600 
240000.000000 0.365600 
250000.000000 0.391200 
260000.000000 0.392800 
270000.000000 0.392000 
280000.000000 0.421600 
290000.000000 0.410400 
300000.000000 0.417600 
310000.000000 0.405600 
320000.000000 0.394400 
330000.000000 0.398400 
340000.000000 0.384000 
350000.000000 0.374400 
360000.000000 0.370400 
370000.000000 0.356000 
380000.000000 0.347200 
390000.000000 0.330400 
400000.000000 0.352000 
410000.000000 0.357600 
420000.000000 0.361600 
430000.000000 0.375200 
440000.000000 0.384000 
450000.000000 0.392000 
460000.000000 0.402400 
470000.000000 0.385600 
480000.000000 0.398400 
490000.000000 0.414400 
500000.000000 0.408000 
510000.000000 0.418400 
520000.000000 0.420000 
530000.000000 0.418400 
540000.000000 0.438400 
550000.000000 0.430400 
560000.000000 0.448800 
570000.000000 0.448000 
580000.000000 0.452000 
590000.000000 0.452000 
600000.000000 0.441600 
610000.000000 0.448800 
620000.000000 0.445600 
630000.000000 0.431200 
640000.000000 0.434400 
650000.000000 0.440000 
660000.000000 0.416800 
670000.000000 0.397600 
680000.000000 0.405600 
690000.000000 0.413600 
700000.000000 0.422400 
710000.000000 0.432000 
720000.000000 0.428000 
730000.000000 0.426400 
740000.000000 0.435200 
750000.000000 0.420800 
760000.000000 0.409600 
770000.000000 0.412800 
780000.000000 0.427200 
790000.000000 0.414400 
800000.000000 0.420000 
810000.000000 0.456800 
820000.000000 0.462400 
830000.000000 0.495200 
840000.000000 0.489600 
850000.000000 0.508800 
860000.000000 0.523200 
870000.000000 0.528000 
880000.000000 0.515200 
890000.000000 0.520800 
900000.000000 0.501600 
910000.000000 0.495200 
920000.000000 0.489600 
930000.000000 0.465600 
940000.000000 0.447200 
950000.000000 0.438400 
960000.000000 0.432800 
970000.000000 0.439200 
980000.000000 0.424000 
990000.000000 0.404800 
1000000.000000 0.419200 
1010000.000000 0.422400 
1020000.000000 0.432800 
1030000.000000 0.438400 
1040000.000000 0.436800 
1050000.000000 0.424000 
1060000.000000 0.430400 
1070000.000000 0.420000 
1080000.000000 0.438400 
1090000.000000 0.427200 
1100000.000000 0.431200 
1110000.000000 0.440000 
1120000.000000 0.419200 
1130000.000000 0.411200 
1140000.000000 0.417600 
1150000.000000 0.408800 
1160000.000000 0.407200 
1170000.000000 0.407200 
1180000.000000 0.419200 
1190000.000000 0.436800 
1200000.000000 0.436800 
1210000.000000 0.460800 
1220000.000000 0.464000 
1230000.000000 0.456800 
1240000.000000 0.452000 
1250000.000000 0.448800 
1260000.000000 0.456800 
1270000.000000 0.457600 
1280000.000000 0.473600 
1290000.000000 0.474400 
1300000.000000 0.465600 
1310000.000000 0.462400 
1320000.000000 0.446400 
1330000.000000 0.437600 
1340000.000000 0.428800 
1350000.000000 0.447200 
1360000.000000 0.440000 
1370000.000000 0.443200 
1380000.000000 0.436800 
1390000.000000 0.446400 
1400000.000000 0.438400 
1410000.000000 0.435200 
1420000.000000 0.441600 
1430000.000000 0.434400 
1440000.000000 0.422400 
1450000.000000 0.420000 
1460000.000000 0.400800 
1470000.000000 0.388000 
1480000.000000 0.386400 
1490000.000000 0.381600 
1500000.000000 0.379200 
1510000.000000 0.353600 
1520000.000000 0.336000 
1530000.000000 0.340000 
1540000.000000 0.328000 
1550000.000000 0.346400 
1560000.000000 0.340000 
1570000.000000 0.356800 
1580000.000000 0.361600 
1590000.000000 0.361600 
1600000.000000 0.341600 
1610000.000000 0.364000 
1620000.000000 0.344800 
1630000.000000 0.340000 
1640000.000000 0.353600 
1650000.000000 0.356800 
1660000.000000 0.358400 
1670000.000000 0.375200 
1680000.000000 0.378400 
1690000.000000 0.368000 
1700000.000000 0.366400 
1710000.000000 0.373600 
1720000.000000 0.371200 
1730000.000000 0.355200 
1740000.000000 0.351200 
1750000.000000 0.367200 
1760000.000000 0.367200 
1770000.000000 0.371200 
1780000.000000 0.374400 
1790000.000000 0.377600 
1800000.000000 0.367200 
1810000.000000 0.382400 
1820000.000000 0.375200 
1830000.000000 0.383200 
1840000.000000 0.373600 
1850000.000000 0.378400 
1860000.000000 0.365600 
1870000.000000 0.385600 
1880000.000000 0.384800 
1890000.000000 0.396800 
1900000.000000 0.410400 
1910000.000000 0.393600 
1920000.000000 0.387200 
1930000.000000 0.386400 
1940000.000000 0.389600 
1950000.000000 0.388800 
1960000.000000 0.377600 
1970000.000000 0.368800 
1980000.000000 0.376800 
1990000.000000 0.368000 
2000000.000000 0.370400 
2010000.000000 0.372000 
2020000.000000 0.377600 
2030000.000000 0.404800 
2040000.000000 0.394400 
2050000.000000 0.387200 
2060000.000000 0.392000 
2070000.000000 0.388000 
2080000.000000 0.391200 
2090000.000000 0.391200 
2100000.000000 0.413600 
2110000.000000 0.404800 
2120000.000000 0.407200 
2130000.000000 0.427200 
2140000.000000 0.432000 
2150000.000000 0.439200 
2160000.000000 0.436800 
2170000.000000 0.443200 
2180000.000000 0.438400 
2190000.000000 0.457600 
2200000.000000 0.468000 
2210000.000000 0.458400 
2220000.000000 0.463200 
2230000.000000 0.477600 
2240000.000000 0.465600 
2250000.000000 0.467200 
2260000.000000 0.460000 
2270000.000000 0.453600 
2280000.000000 0.437600 
2290000.000000 0.442400 
2300000.000000 0.425600 
2310000.000000 0.423200 
2320000.000000 0.416800 
2330000.000000 0.414400 
2340000.000000 0.410400 
2350000.000000 0.404800 
2360000.000000 0.402400 
2370000.000000 0.393600 
2380000.000000 0.395200 
2390000.000000 0.400800 
2400000.000000 0.408000 
2410000.000000 0.422400 
2420000.000000 0.423200 
2430000.000000 0.425600 
2440000.000000 0.420000 
2450000.000000 0.412800 
2460000.000000 0.408000 
2470000.000000 0.424800 
2480000.000000 0.424800 
2490000.000000 0.421600 
2500000.000000 0.434400 
2510000.000000 0.459200 
2520000.000000 0.459200 
2530000.000000 0.465600 
2540000.000000 0.458400 
2550000.000000 0.450400 
2560000.000000 0.458400 
2570000.000000 0.456800 
2580000.000000 0.453600 
2590000.000000 0.467200 
2600000.000000 0.449600 
2610000.000000 0.472000 
2620000.000000 0.488800 
2630000.000000 0.489600 
2640000.000000 0.491200 
2650000.000000 0.488800 
2660000.000000 0.492000 
2670000.000000 0.491200 
2680000.000000 0.488000 
2690000.000000 0.478400 
2700000.000000 0.497600 
2710000.000000 0.470400 
2720000.000000 0.472000 
2730000.000000 0.479200 
2740000.000000 0.485600 
2750000.000000 0.488000 
2760000.000000 0.488000 
2770000.000000 0.482400 
2780000.000000 0.481600 
2790000.000000 0.472800 
2800000.000000 0.468800 
2810000.000000 0.460000 
2820000.000000 0.460800 
2830000.000000 0.446400 
2840000.000000 0.439200 
2850000.000000 0.448000 
2860000.000000 0.455200 
2870000.000000 0.442400 
2880000.000000 0.438400 
2890000.000000 0.444800 
2900000.000000 0.453600 
2910000.000000 0.448800 
2920000.000000 0.462400 
2930000.000000 0.466400 
2940000.000000 0.467200 
2950000.000000 0.467200 
2960000.000000 0.460800 
2970000.000000 0.476800 
2980000.000000 0.476000 
2990000.000000 0.481600 
3000000.000000 0.480000 
3010000.000000 0.480000 
3020000.000000 0.473600 
3030000.000000 0.479200 
3040000.000000 0.480000 
3050000.000000 0.466400 
3060000.000000 0.480000 
3070000.000000 0.466400 
3080000.000000 0.478400 
3090000.000000 0.484800 
3100000.000000 0.476800 
3110000.000000 0.483200 
3120000.000000 0.484000 
3130000.000000 0.493600 
3140000.000000 0.482400 
3150000.000000 0.503200 
3160000.000000 0.515200 
3170000.000000 0.504000 
3180000.000000 0.519200 
3190000.000000 0.504800 
3200000.000000 0.503200 
3210000.000000 0.500800 
3220000.000000 0.520800 
3230000.000000 0.521600 
3240000.000000 0.540000 
3250000.000000 0.531200 
3260000.000000 0.529600 
3270000.000000 0.517600 
3280000.000000 0.513600 
3290000.000000 0.530400 
3300000.000000 0.532800 
3310000.000000 0.522400 
3320000.000000 0.534400 
3330000.000000 0.548800 
3340000.000000 0.546400 
3350000.000000 0.560800 
3360000.000000 0.548000 
3370000.000000 0.544000 
3380000.000000 0.554400 
3390000.000000 0.556000 
3400000.000000 0.549600 
3410000.000000 0.559200 
3420000.000000 0.563200 
3430000.000000 0.567200 
3440000.000000 0.587200 
3450000.000000 0.624000 
3460000.000000 0.620800 
3470000.000000 0.621600 
3480000.000000 0.614400 
3490000.000000 0.623200 
3500000.000000 0.612000 
3510000.000000 0.611200 
3520000.000000 0.611200 
3530000.000000 0.601600 
3540000.000000 0.604000 
3550000.000000 0.607200 
3560000.000000 0.578400 
3570000.000000 0.573600 
3580000.000000 0.552800 
3590000.000000 0.545600 
3600000.000000 0.539200 
3610000.000000 0.529600 
3620000.000000 0.552000 
3630000.000000 0.540800 
3640000.000000 0.553600 
3650000.000000 0.548000 
3660000.000000 0.529600 
3670000.000000 0.528800 
3680000.000000 0.515200 
3690000.000000 0.538400 
3700000.000000 0.542400 
3710000.000000 0.559200 
3720000.000000 0.578400 
3730000.000000 0.588800 
3740000.000000 0.593600 
3750000.000000 0.583200 
3760000.000000 0.577600 
3770000.000000 0.576800 
3780000.000000 0.571200 
3790000.000000 0.562400 
3800000.000000 0.581600 
3810000.000000 0.597600 
3820000.000000 0.613600 
3830000.000000 0.605600 
3840000.000000 0.613600 
3850000.000000 0.621600 
3860000.000000 0.617600 
3870000.000000 0.629600 
3880000.000000 0.640000 
3890000.000000 0.633600 
3900000.000000 0.642400 
3910000.000000 0.657600 
3920000.000000 0.653600 
3930000.000000 0.661600 
3940000.000000 0.678400 
3950000.000000 0.674400 
3960000.000000 0.682400 
3970000.000000 0.683200 
3980000.000000 0.667200 
3990000.000000 0.666400 
4000000.000000 0.665600 
4010000.000000 0.660800 
4020000.000000 0.677600 
4030000.000000 0.685600 
4040000.000000 0.668000 
4050000.000000 0.672000 
4060000.000000 0.656800 
4070000.000000 0.644000 
4080000.000000 0.644800 
4090000.000000 0.657600 
4100000.000000 0.637600 
4110000.000000 0.639200 
4120000.000000 0.645600 
4130000.000000 0.636000 
4140000.000000 0.608000 
4150000.000000 0.582400 
4160000.000000 0.576000 
4170000.000000 0.579200 
4180000.000000 0.559200 
4190000.000000 0.566400 
4200000.000000 0.576000 
4210000.000000 0.582400 
4220000.000000 0.588800 
4230000.000000 0.577600 
4240000.000000 0.570400 
4250000.000000 0.584000 
4260000.000000 0.585600 
4270000.000000 0.593600 
4280000.000000 0.608000 
4290000.000000 0.620800 
4300000.000000 0.622400 
4310000.000000 0.626400 
4320000.000000 0.642400 
4330000.000000 0.640800 
4340000.000000 0.640000 
4350000.000000 0.655200 
4360000.000000 0.651200 
4370000.000000 0.629600 
4380000.000000 0.616800 
4390000.000000 0.624800 
4400000.000000 0.615200 
4410000.000000 0.618400 
4420000.000000 0.616000 
4430000.000000 0.622400 
4440000.000000 0.621600 
4450000.000000 0.599200 
4460000.000000 0.611200 
4470000.000000 0.616800 
4480000.000000 0.627200 
4490000.000000 0.632000 
4500000.000000 0.624800 
4510000.000000 0.614400 
4520000.000000 0.612800 
4530000.000000 0.610400 
4540000.000000 0.599200 
4550000.000000 0.594400 
4560000.000000 0.608800 
4570000.000000 0.596000 
4580000.000000 0.604000 
4590000.000000 0.614400 
4600000.000000 0.603200 
4610000.000000 0.600800 
4620000.000000 0.607200 
4630000.000000 0.614400 
4640000.000000 0.592000 
4650000.000000 0.594400 
4660000.000000 0.620000 
4670000.000000 0.633600 
4680000.000000 0.625600 
4690000.000000 0.623200 
4700000.000000 0.632000 
4710000.000000 0.652800 
4720000.000000 0.662400 
4730000.000000 0.650400 
4740000.000000 0.644000 
4750000.000000 0.648000 
4760000.000000 0.648000 
4770000.000000 0.644800 
4780000.000000 0.629600 
4790000.000000 0.620800 
4800000.000000 0.627200 
4810000.000000 0.635200 
4820000.000000 0.636000 
4830000.000000 0.624000 
4840000.000000 0.589600 
4850000.000000 0.588800 
4860000.000000 0.569600 
4870000.000000 0.568800 
4880000.000000 0.564000 
4890000.000000 0.567200 
4900000.000000 0.564000 
4910000.000000 0.559200 
4920000.000000 0.568000 
4930000.000000 0.575200 
4940000.000000 0.560800 
4950000.000000 0.561600 
4960000.000000 0.570400 
4970000.000000 0.568800 
4980000.000000 0.558400 
4990000.000000 0.545600 
5000000.000000 0.555200 
5010000.000000 0.583200 
5020000.000000 0.584800 
5030000.000000 0.582400 
5040000.000000 0.584000 
5050000.000000 0.580000 
5060000.000000 0.564800 
5070000.000000 0.579200 
5080000.000000 0.587200 
5090000.000000 0.592800 
5100000.000000 0.606400 
5110000.000000 0.619200 
5120000.000000 0.604800 
5130000.000000 0.590400 
5140000.000000 0.608000 
5150000.000000 0.620800 
5160000.000000 0.635200 
5170000.000000 0.624000 
5180000.000000 0.622400 
5190000.000000 0.615200 
5200000.000000 0.623200 
5210000.000000 0.608000 
5220000.000000 0.599200 
5230000.000000 0.609600 
5240000.000000 0.592800 
5250000.000000 0.580000 
5260000.000000 0.572000 
5270000.000000 0.588800 
5280000.000000 0.601600 
5290000.000000 0.586400 
5300000.000000 0.595200 
5310000.000000 0.604000 
5320000.000000 0.587200 
5330000.000000 0.584800 
5340000.000000 0.568000 
5350000.000000 0.566400 
5360000.000000 0.552000 
5370000.000000 0.563200 
5380000.000000 0.536800 
5390000.000000 0.545600 
5400000.000000 0.528800 
5410000.000000 0.528800 
5420000.000000 0.528800 
5430000.000000 0.528800 
5440000.000000 0.512000 
5450000.000000 0.517600 
5460000.000000 0.538400 
5470000.000000 0.541600 
5480000.000000 0.552000 
5490000.000000 0.564000 
5500000.000000 0.561600 
5510000.000000 0.548800 
5520000.000000 0.556800 
5530000.000000 0.563200 
5540000.000000 0.557600 
5550000.000000 0.549600 
5560000.000000 0.552800 
5570000.000000 0.544000 
5580000.000000 0.544800 
5590000.000000 0.550400 
5600000.000000 0.571200 
5610000.000000 0.588000 
5620000.000000 0.595200 
5630000.000000 0.591200 
5640000.000000 0.590400 
5650000.000000 0.588800 
5660000.000000 0.606400 
5670000.000000 0.595200 
5680000.000000 0.608800 
5690000.000000 0.599200 
5700000.000000 0.606400 
5710000.000000 0.602400 
5720000.000000 0.612000 
5730000.000000 0.625600 
5740000.000000 0.602400 
5750000.000000 0.600000 
5760000.000000 0.596000 
5770000.000000 0.605600 
5780000.000000 0.603200 
5790000.000000 0.594400 
5800000.000000 0.588800 
5810000.000000 0.602400 
5820000.000000 0.584800 
5830000.000000 0.584000 
5840000.000000 0.591200 
5850000.000000 0.588000 
5860000.000000 0.594400 
5870000.000000 0.596800 
5880000.000000 0.604800 
5890000.000000 0.598400 
5900000.000000 0.586400 
5910000.000000 0.588000 
5920000.000000 0.576000 
5930000.000000 0.596800 
5940000.000000 0.613600 
5950000.000000 0.600800 
5960000.000000 0.618400 
5970000.000000 0.621600 
5980000.000000 0.635200 
5990000.000000 0.630400 
6000000.000000 0.633600 
6010000.000000 0.633600 
6020000.000000 0.631200 
6030000.000000 0.634400 
6040000.000000 0.620800 
6050000.000000 0.626400 
6060000.000000 0.627200 
6070000.000000 0.640000 
6080000.000000 0.658400 
6090000.000000 0.648800 
6100000.000000 0.660000 
6110000.000000 0.658400 
6120000.000000 0.652000 
6130000.000000 0.644000 
6140000.000000 0.637600 
6150000.000000 0.620800 
6160000.000000 0.614400 
6170000.000000 0.617600 
6180000.000000 0.637600 
6190000.000000 0.638400 
6200000.000000 0.633600 
6210000.000000 0.629600 
6220000.000000 0.604800 
6230000.000000 0.615200 
6240000.000000 0.628000 
6250000.000000 0.606400 
6260000.000000 0.606400 
6270000.000000 0.605600 
6280000.000000 0.606400 
6290000.000000 0.607200 
6300000.000000 0.627200 
6310000.000000 0.632800 
6320000.000000 0.642400 
6330000.000000 0.632000 
6340000.000000 0.633600 
6350000.000000 0.631200 
6360000.000000 0.627200 
6370000.000000 0.652800 
6380000.000000 0.648800 
6390000.000000 0.654400 
6400000.000000 0.669600 
6410000.000000 0.664000 
6420000.000000 0.664800 
6430000.000000 0.674400 
6440000.000000 0.678400 
6450000.000000 0.670400 
6460000.000000 0.684000 
6470000.000000 0.672000 
6480000.000000 0.652000 
6490000.000000 0.650400 
6500000.000000 0.658400 
6510000.000000 0.648000 
6520000.000000 0.636000 
6530000.000000 0.636000 
6540000.000000 0.634400 
6550000.000000 0.628800 
6560000.000000 0.627200 
6570000.000000 0.625600 
6580000.000000 0.631200 
6590000.000000 0.632000 
6600000.000000 0.632800 
6610000.000000 0.652800 
6620000.000000 0.641600 
6630000.000000 0.639200 
6640000.000000 0.640000 
6650000.000000 0.640000 
6660000.000000 0.640800 
6670000.000000 0.641600 
6680000.000000 0.621600 
6690000.000000 0.634400 
6700000.000000 0.647200 
6710000.000000 0.641600 
6720000.000000 0.643200 
6730000.000000 0.634400 
6740000.000000 0.628000 
6750000.000000 0.628800 
6760000.000000 0.633600 
6770000.000000 0.648000 
6780000.000000 0.646400 
6790000.000000 0.644800 
6800000.000000 0.633600 
6810000.000000 0.622400 
6820000.000000 0.605600 
6830000.000000 0.611200 
6840000.000000 0.606400 
6850000.000000 0.596800 
6860000.000000 0.604800 
6870000.000000 0.603200 
6880000.000000 0.604800 
6890000.000000 0.610400 
6900000.000000 0.598400 
6910000.000000 0.604000 
6920000.000000 0.613600 
6930000.000000 0.606400 
6940000.000000 0.610400 
6950000.000000 0.615200 
6960000.000000 0.592800 
6970000.000000 0.595200 
6980000.000000 0.605600 
6990000.000000 0.596000 
7000000.000000 0.594400 
7010000.000000 0.602400 
7020000.000000 0.583200 
7030000.000000 0.584000 
7040000.000000 0.588000 
7050000.000000 0.580000 
7060000.000000 0.569600 
7070000.000000 0.552000 
7080000.000000 0.538400 
7090000.000000 0.552800 
7100000.000000 0.580800 
7110000.000000 0.603200 
7120000.000000 0.600000 
7130000.000000 0.599200 
7140000.000000 0.594400 
7150000.000000 0.584800 
7160000.000000 0.585600 
7170000.000000 0.570400 
7180000.000000 0.580800 
7190000.000000 0.584800 
7200000.000000 0.582400 
7210000.000000 0.568000 
7220000.000000 0.579200 
7230000.000000 0.588000 
7240000.000000 0.580800 
7250000.000000 0.577600 
7260000.000000 0.568000 
7270000.000000 0.548800 
7280000.000000 0.560800 
7290000.000000 0.539200 
7300000.000000 0.539200 
7310000.000000 0.523200 
7320000.000000 0.505600 
7330000.000000 0.504800 
7340000.000000 0.504800 
7350000.000000 0.520800 
7360000.000000 0.527200 
7370000.000000 0.532000 
7380000.000000 0.540000 
7390000.000000 0.535200 
7400000.000000 0.535200 
7410000.000000 0.540000 
7420000.000000 0.562400 
7430000.000000 0.580800 
7440000.000000 0.591200 
7450000.000000 0.598400 
7460000.000000 0.600800 
7470000.000000 0.595200 
7480000.000000 0.582400 
7490000.000000 0.576800 
7500000.000000 0.590400 
7510000.000000 0.572800 
7520000.000000 0.560000 
7530000.000000 0.558400 
7540000.000000 0.581600 
7550000.000000 0.593600 
7560000.000000 0.600800 
7570000.000000 0.592800 
7580000.000000 0.616000 
7590000.000000 0.618400 
7600000.000000 0.627200 
7610000.000000 0.608800 
7620000.000000 0.587200 
7630000.000000 0.588800 
7640000.000000 0.594400 
7650000.000000 0.592800 
7660000.000000 0.588000 
7670000.000000 0.595200 
7680000.000000 0.605600 
7690000.000000 0.600800 
7700000.000000 0.588000 
7710000.000000 0.580000 
7720000.000000 0.571200 
7730000.000000 0.556800 
7740000.000000 0.544000 
7750000.000000 0.543200 
7760000.000000 0.538400 
7770000.000000 0.548000 
7780000.000000 0.570400 
7790000.000000 0.553600 
7800000.000000 0.586400 
7810000.000000 0.563200 
7820000.000000 0.558400 
7830000.000000 0.568800 
7840000.000000 0.575200 
7850000.000000 0.572800 
7860000.000000 0.560000 
7870000.000000 0.570400 
7880000.000000 0.571200 
7890000.000000 0.575200 
7900000.000000 0.555200 
7910000.000000 0.549600 
7920000.000000 0.556000 
7930000.000000 0.557600 
7940000.000000 0.552800 
7950000.000000 0.568000 
7960000.000000 0.571200 
7970000.000000 0.585600 
7980000.000000 0.576800 
7990000.000000 0.584000 
8000000.000000 0.583200 
8010000.000000 0.586400 
8020000.000000 0.599200 
8030000.000000 0.594400 
8040000.000000 0.615200 
8050000.000000 0.598400 
8060000.000000 0.616000 
8070000.000000 0.597600 
8080000.000000 0.584800 
8090000.000000 0.598400 
8100000.000000 0.586400 
8110000.000000 0.591200 
8120000.000000 0.577600 
8130000.000000 0.576800 
8140000.000000 0.584800 
8150000.000000 0.581600 
8160000.000000 0.588000 
8170000.000000 0.578400 
8180000.000000 0.558400 
8190000.000000 0.552800 
8200000.000000 0.577600 
8210000.000000 0.575200 
8220000.000000 0.578400 
8230000.000000 0.583200 
8240000.000000 0.581600 
8250000.000000 0.568000 
8260000.000000 0.575200 
8270000.000000 0.594400 
8280000.000000 0.600800 
8290000.000000 0.593600 
8300000.000000 0.605600 
8310000.000000 0.613600 
8320000.000000 0.604800 
8330000.000000 0.574400 
8340000.000000 0.576000 
8350000.000000 0.560800 
8360000.000000 0.566400 
8370000.000000 0.572000 
8380000.000000 0.578400 
8390000.000000 0.582400 
8400000.000000 0.578400 
8410000.000000 0.584000 
8420000.000000 0.579200 
8430000.000000 0.579200 
8440000.000000 0.578400 
8450000.000000 0.603200 
8460000.000000 0.608000 
8470000.000000 0.596000 
8480000.000000 0.594400 
8490000.000000 0.583200 
8500000.000000 0.605600 
8510000.000000 0.594400 
8520000.000000 0.589600 
8530000.000000 0.583200 
8540000.000000 0.582400 
8550000.000000 0.595200 
8560000.000000 0.622400 
8570000.000000 0.613600 
8580000.000000 0.609600 
8590000.000000 0.616000 
8600000.000000 0.595200 
8610000.000000 0.590400 
8620000.000000 0.593600 
8630000.000000 0.580000 
8640000.000000 0.570400 
8650000.000000 0.575200 
8660000.000000 0.581600 
8670000.000000 0.567200 
8680000.000000 0.568800 
8690000.000000 0.557600 
8700000.000000 0.548800 
8710000.000000 0.553600 
8720000.000000 0.538400 
8730000.000000 0.542400 
8740000.000000 0.544000 
8750000.000000 0.532000 
8760000.000000 0.532800 
8770000.000000 0.524800 
8780000.000000 0.536800 
8790000.000000 0.532000 
8800000.000000 0.532000 
8810000.000000 0.532000 
8820000.000000 0.534400 
8830000.000000 0.544800 
8840000.000000 0.547200 
8850000.000000 0.547200 
8860000.000000 0.549600 
8870000.000000 0.545600 
8880000.000000 0.537600 
8890000.000000 0.556800 
8900000.000000 0.548800 
8910000.000000 0.556800 
8920000.000000 0.552800 
8930000.000000 0.532800 
8940000.000000 0.526400 
8950000.000000 0.533600 
8960000.000000 0.530400 
8970000.000000 0.517600 
8980000.000000 0.513600 
8990000.000000 0.493600 
9000000.000000 0.491200 
9010000.000000 0.472800 
9020000.000000 0.465600 
9030000.000000 0.462400 
9040000.000000 0.456000 
9050000.000000 0.466400 
9060000.000000 0.470400 
9070000.000000 0.472000 
9080000.000000 0.468800 
9090000.000000 0.468800 
9100000.000000 0.483200 
9110000.000000 0.490400 
9120000.000000 0.495200 
9130000.000000 0.491200 
9140000.000000 0.496800 
9150000.000000 0.496800 
9160000.000000 0.506400 
9170000.000000 0.506400 
9180000.000000 0.502400 
9190000.000000 0.501600 
9200000.000000 0.518400 
9210000.000000 0.512800 
9220000.000000 0.524000 
9230000.000000 0.536800 
9240000.000000 0.555200 
9250000.000000 0.549600 
9260000.000000 0.540800 
9270000.000000 0.532800 
9280000.000000 0.500800 
9290000.000000 0.495200 
9300000.000000 0.499200 
9310000.000000 0.497600 
9320000.000000 0.489600 
9330000.000000 0.478400 
9340000.000000 0.490400 
9350000.000000 0.500000 
9360000.000000 0.499200 
9370000.000000 0.498400 
9380000.000000 0.501600 
9390000.000000 0.503200 
9400000.000000 0.513600 
9410000.000000 0.509600 
9420000.000000 0.521600 
9430000.000000 0.524000 
9440000.000000 0.528800 
9450000.000000 0.523200 
9460000.000000 0.532800 
9470000.000000 0.539200 
9480000.000000 0.529600 
9490000.000000 0.534400 
9500000.000000 0.547200 
9510000.000000 0.539200 
9520000.000000 0.551200 
9530000.000000 0.542400 
9540000.000000 0.548000 
9550000.000000 0.539200 
9560000.000000 0.537600 
9570000.000000 0.539200 
9580000.000000 0.526400 
9590000.000000 0.505600 
9600000.000000 0.507200 
9610000.000000 0.508000 
9620000.000000 0.508000 
9630000.000000 0.523200 
9640000.000000 0.488000 
9650000.000000 0.478400 
9660000.000000 0.463200 
9670000.000000 0.458400 
9680000.000000 0.437600 
9690000.000000 0.439200 
9700000.000000 0.420000 
9710000.000000 0.428000 
9720000.000000 0.415200 
9730000.000000 0.420800 
9740000.000000 0.413600 
9750000.000000 0.414400 
9760000.000000 0.421600 
9770000.000000 0.408800 
9780000.000000 0.403200 
9790000.000000 0.406400 
9800000.000000 0.403200 
9810000.000000 0.406400 
9820000.000000 0.413600 
9830000.000000 0.404000 
9840000.000000 0.391200 
9850000.000000 0.373600 
9860000.000000 0.367200 
9870000.000000 0.366400 
9880000.000000 0.374400 
9890000.000000 0.385600 
9900000.000000 0.380800 
9910000.000000 0.388800 
9920000.000000 0.375200 
9930000.000000 0.390400 
9940000.000000 0.386400 
9950000.000000 0.393600 
9960000.000000 0.393600 
9970000.000000 0.386400 
9980000.000000 0.384800 
9990000.000000 0.380800 
