0.000000 0.007200 
10000.000000 0.008000 
20000.000000 0.016800 
30000.000000 0.027200 
40000.000000 0.042400 
50000.000000 0.056800 
60000.000000 0.099200 
70000.000000 0.106400 
80000.000000 0.116800 
90000.000000 0.142400 
100000.000000 0.148800 
110000.000000 0.173600 
120000.000000 0.181600 
130000.000000 0.187200 
140000.000000 0.204000 
150000.000000 0.196000 
160000.000000 0.197600 
170000.000000 0.208000 
180000.000000 0.225600 
190000.000000 0.232000 
200000.000000 0.238400 
210000.000000 0.264800 
220000.000000 0.285600 
230000.000000 0.280000 
240000.000000 0.273600 
250000.000000 0.292800 
260000.000000 0.289600 
270000.000000 0.288000 
280000.000000 0.297600 
290000.000000 0.300000 
300000.000000 0.312000 
310000.000000 0.316800 
320000.000000 0.340800 
330000.000000 0.344000 
340000.000000 0.348000 
350000.000000 0.359200 
360000.000000 0.362400 
370000.000000 0.364800 
380000.000000 0.360000 
390000.000000 0.365600 
400000.000000 0.384000 
410000.000000 0.376000 
420000.000000 0.397600 
430000.000000 0.404000 
440000.000000 0.409600 
450000.000000 0.420000 
460000.000000 0.430400 
470000.000000 0.425600 
480000.000000 0.447200 
490000.000000 0.460800 
500000.000000 0.468800 
510000.000000 0.498400 
520000.000000 0.503200 
530000.000000 0.524000 
540000.000000 0.533600 
550000.000000 0.540000 
560000.000000 0.568000 
570000.000000 0.576800 
580000.000000 0.592800 
590000.000000 0.608800 
600000.000000 0.593600 
610000.000000 0.592800 
620000.000000 0.614400 
630000.000000 0.612000 
640000.000000 0.632000 
650000.000000 0.641600 
660000.000000 0.650400 
670000.000000 0.668000 
680000.000000 0.679200 
690000.000000 0.688800 
700000.000000 0.682400 
710000.000000 0.696800 
720000.000000 0.708000 
730000.000000 0.688000 
740000.000000 0.683200 
750000.000000 0.696800 
760000.000000 0.685600 
770000.000000 0.698400 
780000.000000 0.708000 
790000.000000 0.715200 
800000.000000 0.726400 
810000.000000 0.740000 
820000.000000 0.745600 
830000.000000 0.730400 
840000.000000 0.728800 
850000.000000 0.727200 
860000.000000 0.745600 
870000.000000 0.761600 
880000.000000 0.782400 
890000.000000 0.800000 
900000.000000 0.806400 
910000.000000 0.823200 
920000.000000 0.816800 
930000.000000 0.832800 
940000.000000 0.841600 
950000.000000 0.847200 
960000.000000 0.842400 
970000.000000 0.851200 
980000.000000 0.867200 
990000.000000 0.867200 
1000000.000000 0.866400 
1010000.000000 0.875200 
1020000.000000 0.899200 
1030000.000000 0.898400 
1040000.000000 0.905600 
1050000.000000 0.910400 
1060000.000000 0.924000 
1070000.000000 0.945600 
1080000.000000 0.964000 
1090000.000000 0.973600 
1100000.000000 0.984800 
1110000.000000 0.996800 
1120000.000000 1.000000 
1130000.000000 0.999200 
1140000.000000 0.997600 
1150000.000000 0.997600 
1160000.000000 1.000000 
1170000.000000 1.000000 
1180000.000000 0.998400 
1190000.000000 0.999200 
1200000.000000 1.000000 
1210000.000000 1.000000 
1220000.000000 1.000000 
1230000.000000 1.000000 
1240000.000000 0.998400 
1250000.000000 0.999200 
1260000.000000 1.000000 
1270000.000000 0.998400 
1280000.000000 0.999200 
1290000.000000 0.998400 
1300000.000000 0.999200 
1310000.000000 0.999200 
1320000.000000 0.997600 
1330000.000000 0.998400 
1340000.000000 0.998400 
1350000.000000 0.998400 
1360000.000000 0.999200 
1370000.000000 1.000000 
1380000.000000 0.998400 
1390000.000000 0.999200 
1400000.000000 1.000000 
1410000.000000 0.999200 
1420000.000000 1.000000 
1430000.000000 0.998400 
1440000.000000 1.000000 
1450000.000000 0.999200 
1460000.000000 0.999200 
1470000.000000 0.999200 
1480000.000000 0.999200 
1490000.000000 0.998400 
1500000.000000 0.998400 
1510000.000000 1.000000 
1520000.000000 0.999200 
1530000.000000 1.000000 
1540000.000000 1.000000 
1550000.000000 1.000000 
1560000.000000 1.000000 
1570000.000000 0.999200 
1580000.000000 1.000000 
1590000.000000 1.000000 
1600000.000000 1.000000 
1610000.000000 0.998400 
1620000.000000 1.000000 
1630000.000000 0.999200 
1640000.000000 0.999200 
1650000.000000 0.999200 
1660000.000000 0.999200 
1670000.000000 0.999200 
1680000.000000 0.999200 
1690000.000000 0.999200 
1700000.000000 0.999200 
1710000.000000 0.997600 
1720000.000000 0.999200 
1730000.000000 1.000000 
1740000.000000 1.000000 
1750000.000000 1.000000 
1760000.000000 1.000000 
1770000.000000 1.000000 
1780000.000000 0.997600 
1790000.000000 0.999200 
1800000.000000 0.998400 
1810000.000000 1.000000 
1820000.000000 1.000000 
1830000.000000 0.999200 
1840000.000000 1.000000 
1850000.000000 1.000000 
1860000.000000 0.999200 
1870000.000000 1.000000 
1880000.000000 1.000000 
1890000.000000 0.998400 
1900000.000000 1.000000 
1910000.000000 0.998400 
1920000.000000 1.000000 
1930000.000000 0.997600 
1940000.000000 1.000000 
1950000.000000 0.998400 
1960000.000000 0.998400 
1970000.000000 1.000000 
1980000.000000 0.999200 
1990000.000000 1.000000 
2000000.000000 0.997600 
2010000.000000 0.998400 
2020000.000000 0.999200 
2030000.000000 0.999200 
2040000.000000 0.999200 
2050000.000000 1.000000 
2060000.000000 0.999200 
2070000.000000 0.999200 
2080000.000000 1.000000 
2090000.000000 0.999200 
2100000.000000 1.000000 
2110000.000000 0.997600 
2120000.000000 0.999200 
2130000.000000 1.000000 
2140000.000000 0.999200 
2150000.000000 1.000000 
2160000.000000 0.996800 
2170000.000000 1.000000 
2180000.000000 0.998400 
2190000.000000 0.999200 
2200000.000000 0.997600 
2210000.000000 0.999200 
2220000.000000 1.000000 
2230000.000000 0.999200 
2240000.000000 0.999200 
2250000.000000 0.998400 
2260000.000000 0.999200 
2270000.000000 1.000000 
2280000.000000 1.000000 
2290000.000000 1.000000 
2300000.000000 1.000000 
2310000.000000 1.000000 
2320000.000000 0.999200 
2330000.000000 0.999200 
2340000.000000 1.000000 
2350000.000000 0.999200 
2360000.000000 0.997600 
2370000.000000 0.999200 
2380000.000000 0.999200 
2390000.000000 0.998400 
2400000.000000 0.999200 
2410000.000000 0.999200 
2420000.000000 0.999200 
2430000.000000 0.999200 
2440000.000000 0.999200 
2450000.000000 0.998400 
2460000.000000 1.000000 
2470000.000000 0.998400 
2480000.000000 1.000000 
2490000.000000 0.998400 
2500000.000000 1.000000 
2510000.000000 1.000000 
2520000.000000 0.998400 
2530000.000000 0.999200 
2540000.000000 1.000000 
2550000.000000 0.997600 
2560000.000000 0.999200 
2570000.000000 0.998400 
2580000.000000 1.000000 
2590000.000000 0.999200 
2600000.000000 0.999200 
2610000.000000 0.997600 
2620000.000000 1.000000 
2630000.000000 1.000000 
2640000.000000 1.000000 
2650000.000000 1.000000 
2660000.000000 0.999200 
2670000.000000 0.999200 
2680000.000000 1.000000 
2690000.000000 0.999200 
2700000.000000 0.999200 
2710000.000000 1.000000 
2720000.000000 0.997600 
2730000.000000 0.996800 
2740000.000000 1.000000 
2750000.000000 0.999200 
2760000.000000 0.999200 
2770000.000000 0.998400 
2780000.000000 1.000000 
2790000.000000 1.000000 
2800000.000000 0.999200 
2810000.000000 0.998400 
2820000.000000 0.997600 
2830000.000000 0.999200 
2840000.000000 1.000000 
2850000.000000 0.998400 
2860000.000000 0.999200 
2870000.000000 0.998400 
2880000.000000 0.998400 
2890000.000000 0.999200 
2900000.000000 1.000000 
2910000.000000 1.000000 
2920000.000000 0.999200 
2930000.000000 1.000000 
2940000.000000 1.000000 
2950000.000000 1.000000 
2960000.000000 0.999200 
2970000.000000 0.999200 
2980000.000000 0.999200 
2990000.000000 1.000000 
3000000.000000 0.999200 
3010000.000000 1.000000 
3020000.000000 1.000000 
3030000.000000 1.000000 
3040000.000000 1.000000 
3050000.000000 1.000000 
3060000.000000 0.999200 
3070000.000000 1.000000 
3080000.000000 1.000000 
3090000.000000 0.998400 
3100000.000000 0.997600 
3110000.000000 1.000000 
3120000.000000 1.000000 
3130000.000000 0.999200 
3140000.000000 0.998400 
3150000.000000 1.000000 
3160000.000000 1.000000 
3170000.000000 0.999200 
3180000.000000 1.000000 
3190000.000000 0.998400 
3200000.000000 1.000000 
3210000.000000 1.000000 
3220000.000000 1.000000 
3230000.000000 0.999200 
3240000.000000 0.999200 
3250000.000000 1.000000 
3260000.000000 1.000000 
3270000.000000 0.997600 
3280000.000000 0.999200 
3290000.000000 0.999200 
3300000.000000 1.000000 
3310000.000000 0.999200 
3320000.000000 1.000000 
3330000.000000 0.999200 
3340000.000000 0.997600 
3350000.000000 0.999200 
3360000.000000 0.999200 
3370000.000000 0.996800 
3380000.000000 0.998400 
3390000.000000 1.000000 
3400000.000000 0.999200 
3410000.000000 1.000000 
3420000.000000 0.998400 
3430000.000000 1.000000 
3440000.000000 1.000000 
3450000.000000 1.000000 
3460000.000000 0.999200 
3470000.000000 1.000000 
3480000.000000 0.998400 
3490000.000000 0.999200 
3500000.000000 0.998400 
3510000.000000 0.998400 
3520000.000000 0.999200 
3530000.000000 1.000000 
3540000.000000 1.000000 
3550000.000000 1.000000 
3560000.000000 1.000000 
3570000.000000 0.999200 
3580000.000000 1.000000 
3590000.000000 0.999200 
3600000.000000 0.997600 
3610000.000000 0.999200 
3620000.000000 1.000000 
3630000.000000 1.000000 
3640000.000000 0.998400 
3650000.000000 1.000000 
3660000.000000 1.000000 
3670000.000000 0.999200 
3680000.000000 1.000000 
3690000.000000 1.000000 
3700000.000000 0.999200 
3710000.000000 1.000000 
3720000.000000 0.998400 
3730000.000000 0.998400 
3740000.000000 0.999200 
3750000.000000 1.000000 
3760000.000000 1.000000 
3770000.000000 0.998400 
3780000.000000 0.998400 
3790000.000000 1.000000 
3800000.000000 1.000000 
3810000.000000 0.999200 
3820000.000000 1.000000 
3830000.000000 1.000000 
3840000.000000 1.000000 
3850000.000000 0.999200 
3860000.000000 1.000000 
3870000.000000 0.999200 
3880000.000000 0.999200 
3890000.000000 1.000000 
3900000.000000 1.000000 
3910000.000000 1.000000 
3920000.000000 1.000000 
3930000.000000 0.999200 
3940000.000000 0.998400 
3950000.000000 0.999200 
3960000.000000 1.000000 
3970000.000000 0.999200 
3980000.000000 1.000000 
3990000.000000 1.000000 
4000000.000000 0.999200 
4010000.000000 0.999200 
4020000.000000 0.998400 
4030000.000000 1.000000 
4040000.000000 0.999200 
4050000.000000 1.000000 
4060000.000000 0.999200 
4070000.000000 0.999200 
4080000.000000 1.000000 
4090000.000000 0.999200 
4100000.000000 1.000000 
4110000.000000 1.000000 
4120000.000000 0.999200 
4130000.000000 0.998400 
4140000.000000 1.000000 
4150000.000000 0.998400 
4160000.000000 0.999200 
4170000.000000 1.000000 
4180000.000000 0.999200 
4190000.000000 0.998400 
4200000.000000 0.998400 
4210000.000000 0.999200 
4220000.000000 0.999200 
4230000.000000 0.998400 
4240000.000000 1.000000 
4250000.000000 0.999200 
4260000.000000 1.000000 
4270000.000000 0.998400 
4280000.000000 1.000000 
4290000.000000 0.999200 
4300000.000000 1.000000 
4310000.000000 0.999200 
4320000.000000 1.000000 
4330000.000000 1.000000 
4340000.000000 1.000000 
4350000.000000 1.000000 
4360000.000000 0.996800 
4370000.000000 0.998400 
4380000.000000 1.000000 
4390000.000000 0.998400 
4400000.000000 0.999200 
4410000.000000 0.999200 
4420000.000000 0.998400 
4430000.000000 1.000000 
4440000.000000 1.000000 
4450000.000000 1.000000 
4460000.000000 0.998400 
4470000.000000 0.998400 
4480000.000000 1.000000 
4490000.000000 1.000000 
4500000.000000 0.999200 
4510000.000000 0.999200 
4520000.000000 0.998400 
4530000.000000 0.998400 
4540000.000000 0.999200 
4550000.000000 0.998400 
4560000.000000 1.000000 
4570000.000000 0.998400 
4580000.000000 1.000000 
4590000.000000 0.998400 
4600000.000000 1.000000 
4610000.000000 1.000000 
4620000.000000 0.998400 
4630000.000000 0.999200 
4640000.000000 1.000000 
4650000.000000 1.000000 
4660000.000000 1.000000 
4670000.000000 1.000000 
4680000.000000 1.000000 
4690000.000000 1.000000 
4700000.000000 0.999200 
4710000.000000 1.000000 
4720000.000000 0.999200 
4730000.000000 1.000000 
4740000.000000 0.999200 
4750000.000000 1.000000 
4760000.000000 0.999200 
4770000.000000 1.000000 
4780000.000000 0.999200 
4790000.000000 0.996000 
4800000.000000 1.000000 
4810000.000000 1.000000 
4820000.000000 0.999200 
4830000.000000 1.000000 
4840000.000000 1.000000 
4850000.000000 0.999200 
4860000.000000 0.998400 
4870000.000000 0.999200 
4880000.000000 0.998400 
4890000.000000 0.997600 
4900000.000000 0.999200 
4910000.000000 1.000000 
4920000.000000 1.000000 
4930000.000000 1.000000 
4940000.000000 0.999200 
4950000.000000 1.000000 
4960000.000000 1.000000 
4970000.000000 0.999200 
4980000.000000 1.000000 
4990000.000000 0.998400 
5000000.000000 0.999200 
5010000.000000 0.998400 
5020000.000000 0.999200 
5030000.000000 0.998400 
5040000.000000 0.998400 
5050000.000000 0.999200 
5060000.000000 0.999200 
5070000.000000 1.000000 
5080000.000000 1.000000 
5090000.000000 0.999200 
5100000.000000 0.998400 
5110000.000000 0.999200 
5120000.000000 1.000000 
5130000.000000 1.000000 
5140000.000000 0.998400 
5150000.000000 0.999200 
5160000.000000 1.000000 
5170000.000000 0.997600 
5180000.000000 1.000000 
5190000.000000 0.999200 
5200000.000000 0.999200 
5210000.000000 0.999200 
5220000.000000 1.000000 
5230000.000000 1.000000 
5240000.000000 0.998400 
5250000.000000 1.000000 
5260000.000000 0.999200 
5270000.000000 1.000000 
5280000.000000 0.999200 
5290000.000000 0.999200 
5300000.000000 1.000000 
5310000.000000 0.999200 
5320000.000000 1.000000 
5330000.000000 0.999200 
5340000.000000 1.000000 
5350000.000000 1.000000 
5360000.000000 0.999200 
5370000.000000 0.999200 
5380000.000000 1.000000 
5390000.000000 1.000000 
5400000.000000 1.000000 
5410000.000000 0.999200 
5420000.000000 0.998400 
5430000.000000 0.999200 
5440000.000000 0.999200 
5450000.000000 0.999200 
5460000.000000 0.997600 
5470000.000000 1.000000 
5480000.000000 1.000000 
5490000.000000 0.999200 
5500000.000000 1.000000 
5510000.000000 1.000000 
5520000.000000 0.997600 
5530000.000000 1.000000 
5540000.000000 1.000000 
5550000.000000 1.000000 
5560000.000000 0.998400 
5570000.000000 0.997600 
5580000.000000 1.000000 
5590000.000000 0.999200 
5600000.000000 0.999200 
5610000.000000 0.999200 
5620000.000000 0.999200 
5630000.000000 1.000000 
5640000.000000 0.997600 
5650000.000000 0.999200 
5660000.000000 0.999200 
5670000.000000 0.999200 
5680000.000000 1.000000 
5690000.000000 0.999200 
5700000.000000 1.000000 
5710000.000000 0.998400 
5720000.000000 0.998400 
5730000.000000 0.999200 
5740000.000000 0.997600 
5750000.000000 1.000000 
5760000.000000 1.000000 
5770000.000000 1.000000 
5780000.000000 1.000000 
5790000.000000 0.999200 
5800000.000000 0.996800 
5810000.000000 1.000000 
5820000.000000 0.997600 
5830000.000000 0.999200 
5840000.000000 0.999200 
5850000.000000 0.999200 
5860000.000000 1.000000 
5870000.000000 0.998400 
5880000.000000 1.000000 
5890000.000000 0.999200 
5900000.000000 0.998400 
5910000.000000 0.998400 
5920000.000000 1.000000 
5930000.000000 0.999200 
5940000.000000 0.998400 
5950000.000000 1.000000 
5960000.000000 1.000000 
5970000.000000 1.000000 
5980000.000000 1.000000 
5990000.000000 0.999200 
6000000.000000 0.999200 
6010000.000000 0.999200 
6020000.000000 1.000000 
6030000.000000 0.999200 
6040000.000000 1.000000 
6050000.000000 0.999200 
6060000.000000 1.000000 
6070000.000000 0.998400 
6080000.000000 1.000000 
6090000.000000 0.998400 
6100000.000000 1.000000 
6110000.000000 0.999200 
6120000.000000 0.998400 
6130000.000000 0.999200 
6140000.000000 0.999200 
6150000.000000 1.000000 
6160000.000000 1.000000 
6170000.000000 1.000000 
6180000.000000 0.999200 
6190000.000000 0.999200 
6200000.000000 0.999200 
6210000.000000 0.999200 
6220000.000000 0.999200 
6230000.000000 0.999200 
6240000.000000 0.999200 
6250000.000000 0.998400 
6260000.000000 0.998400 
6270000.000000 1.000000 
6280000.000000 1.000000 
6290000.000000 0.999200 
6300000.000000 1.000000 
6310000.000000 0.999200 
6320000.000000 0.999200 
6330000.000000 1.000000 
6340000.000000 0.999200 
6350000.000000 0.999200 
6360000.000000 0.999200 
6370000.000000 0.999200 
6380000.000000 0.999200 
6390000.000000 0.999200 
6400000.000000 0.999200 
6410000.000000 0.997600 
6420000.000000 1.000000 
6430000.000000 1.000000 
6440000.000000 0.997600 
6450000.000000 0.998400 
6460000.000000 1.000000 
6470000.000000 0.999200 
6480000.000000 1.000000 
6490000.000000 0.999200 
6500000.000000 0.999200 
6510000.000000 0.999200 
6520000.000000 0.998400 
6530000.000000 0.996800 
6540000.000000 0.998400 
6550000.000000 0.999200 
6560000.000000 0.999200 
6570000.000000 0.999200 
6580000.000000 1.000000 
6590000.000000 0.999200 
6600000.000000 0.999200 
6610000.000000 1.000000 
6620000.000000 0.999200 
6630000.000000 1.000000 
6640000.000000 1.000000 
6650000.000000 0.999200 
6660000.000000 0.999200 
6670000.000000 0.998400 
6680000.000000 1.000000 
6690000.000000 1.000000 
6700000.000000 1.000000 
6710000.000000 0.999200 
6720000.000000 1.000000 
6730000.000000 1.000000 
6740000.000000 0.999200 
6750000.000000 1.000000 
6760000.000000 0.999200 
6770000.000000 0.998400 
6780000.000000 1.000000 
6790000.000000 0.997600 
6800000.000000 0.999200 
6810000.000000 0.999200 
6820000.000000 0.997600 
6830000.000000 1.000000 
6840000.000000 0.998400 
6850000.000000 0.999200 
6860000.000000 0.999200 
6870000.000000 0.999200 
6880000.000000 0.999200 
6890000.000000 0.999200 
6900000.000000 0.997600 
6910000.000000 1.000000 
6920000.000000 0.998400 
6930000.000000 1.000000 
6940000.000000 1.000000 
6950000.000000 0.999200 
6960000.000000 0.997600 
6970000.000000 0.999200 
6980000.000000 1.000000 
6990000.000000 0.999200 
7000000.000000 0.999200 
7010000.000000 1.000000 
7020000.000000 1.000000 
7030000.000000 0.999200 
7040000.000000 1.000000 
7050000.000000 1.000000 
7060000.000000 0.999200 
7070000.000000 1.000000 
7080000.000000 0.999200 
7090000.000000 0.999200 
7100000.000000 1.000000 
7110000.000000 0.997600 
7120000.000000 0.999200 
7130000.000000 0.999200 
7140000.000000 0.999200 
7150000.000000 1.000000 
7160000.000000 0.999200 
7170000.000000 0.997600 
7180000.000000 0.999200 
7190000.000000 0.998400 
7200000.000000 0.999200 
7210000.000000 0.999200 
7220000.000000 0.998400 
7230000.000000 0.999200 
7240000.000000 0.999200 
7250000.000000 1.000000 
7260000.000000 0.999200 
7270000.000000 0.999200 
7280000.000000 0.999200 
7290000.000000 0.999200 
7300000.000000 1.000000 
7310000.000000 0.999200 
7320000.000000 0.999200 
7330000.000000 0.998400 
7340000.000000 0.998400 
7350000.000000 0.999200 
7360000.000000 0.999200 
7370000.000000 0.999200 
7380000.000000 0.999200 
7390000.000000 1.000000 
7400000.000000 0.998400 
7410000.000000 1.000000 
7420000.000000 0.998400 
7430000.000000 1.000000 
7440000.000000 0.999200 
7450000.000000 0.999200 
7460000.000000 1.000000 
7470000.000000 1.000000 
7480000.000000 0.999200 
7490000.000000 0.999200 
7500000.000000 1.000000 
7510000.000000 1.000000 
7520000.000000 1.000000 
7530000.000000 1.000000 
7540000.000000 1.000000 
7550000.000000 0.999200 
7560000.000000 0.999200 
7570000.000000 0.998400 
7580000.000000 1.000000 
7590000.000000 1.000000 
7600000.000000 1.000000 
7610000.000000 1.000000 
7620000.000000 1.000000 
7630000.000000 1.000000 
7640000.000000 1.000000 
7650000.000000 0.998400 
7660000.000000 1.000000 
7670000.000000 0.999200 
7680000.000000 0.999200 
7690000.000000 0.999200 
7700000.000000 1.000000 
7710000.000000 0.999200 
7720000.000000 1.000000 
7730000.000000 1.000000 
7740000.000000 0.999200 
7750000.000000 0.999200 
7760000.000000 0.999200 
7770000.000000 0.997600 
7780000.000000 0.997600 
7790000.000000 0.999200 
7800000.000000 0.997600 
7810000.000000 0.998400 
7820000.000000 0.998400 
7830000.000000 1.000000 
7840000.000000 0.999200 
7850000.000000 1.000000 
7860000.000000 0.998400 
7870000.000000 1.000000 
7880000.000000 1.000000 
7890000.000000 0.999200 
7900000.000000 0.999200 
7910000.000000 0.999200 
7920000.000000 0.998400 
7930000.000000 1.000000 
7940000.000000 1.000000 
7950000.000000 1.000000 
7960000.000000 0.998400 
7970000.000000 0.996000 
7980000.000000 0.998400 
7990000.000000 1.000000 
8000000.000000 0.999200 
8010000.000000 1.000000 
8020000.000000 0.998400 
8030000.000000 1.000000 
8040000.000000 0.998400 
8050000.000000 1.000000 
8060000.000000 1.000000 
8070000.000000 0.999200 
8080000.000000 0.998400 
8090000.000000 1.000000 
8100000.000000 1.000000 
8110000.000000 1.000000 
8120000.000000 1.000000 
8130000.000000 1.000000 
8140000.000000 0.999200 
8150000.000000 0.998400 
8160000.000000 1.000000 
8170000.000000 0.998400 
8180000.000000 1.000000 
8190000.000000 0.998400 
8200000.000000 0.999200 
8210000.000000 0.999200 
8220000.000000 0.998400 
8230000.000000 1.000000 
8240000.000000 0.998400 
8250000.000000 0.999200 
8260000.000000 0.999200 
8270000.000000 1.000000 
8280000.000000 0.995200 
8290000.000000 0.996800 
8300000.000000 0.999200 
8310000.000000 0.999200 
8320000.000000 0.999200 
8330000.000000 1.000000 
8340000.000000 0.998400 
8350000.000000 0.999200 
8360000.000000 0.998400 
8370000.000000 0.997600 
8380000.000000 1.000000 
8390000.000000 0.999200 
8400000.000000 0.997600 
8410000.000000 0.998400 
8420000.000000 0.999200 
8430000.000000 0.998400 
8440000.000000 1.000000 
8450000.000000 1.000000 
8460000.000000 0.999200 
8470000.000000 1.000000 
8480000.000000 0.999200 
8490000.000000 0.999200 
8500000.000000 0.999200 
8510000.000000 0.999200 
8520000.000000 1.000000 
8530000.000000 0.998400 
8540000.000000 0.999200 
8550000.000000 1.000000 
8560000.000000 0.997600 
8570000.000000 0.999200 
8580000.000000 0.998400 
8590000.000000 0.998400 
8600000.000000 0.999200 
8610000.000000 1.000000 
8620000.000000 1.000000 
8630000.000000 0.999200 
8640000.000000 0.998400 
8650000.000000 1.000000 
8660000.000000 1.000000 
8670000.000000 0.999200 
8680000.000000 1.000000 
8690000.000000 0.999200 
8700000.000000 1.000000 
8710000.000000 0.999200 
8720000.000000 0.999200 
8730000.000000 1.000000 
8740000.000000 0.998400 
8750000.000000 1.000000 
8760000.000000 1.000000 
8770000.000000 0.998400 
8780000.000000 1.000000 
8790000.000000 0.999200 
8800000.000000 0.998400 
8810000.000000 1.000000 
8820000.000000 1.000000 
8830000.000000 0.998400 
8840000.000000 0.999200 
8850000.000000 1.000000 
8860000.000000 0.997600 
8870000.000000 0.996800 
8880000.000000 0.999200 
8890000.000000 0.999200 
8900000.000000 0.999200 
8910000.000000 0.999200 
8920000.000000 0.999200 
8930000.000000 0.999200 
8940000.000000 0.999200 
8950000.000000 0.999200 
8960000.000000 1.000000 
8970000.000000 0.998400 
8980000.000000 0.998400 
8990000.000000 1.000000 
9000000.000000 1.000000 
9010000.000000 1.000000 
9020000.000000 0.999200 
9030000.000000 0.998400 
9040000.000000 1.000000 
9050000.000000 1.000000 
9060000.000000 0.997600 
9070000.000000 0.999200 
9080000.000000 0.997600 
9090000.000000 0.996800 
9100000.000000 1.000000 
9110000.000000 1.000000 
9120000.000000 1.000000 
9130000.000000 1.000000 
9140000.000000 0.999200 
9150000.000000 0.995200 
9160000.000000 1.000000 
9170000.000000 1.000000 
9180000.000000 1.000000 
9190000.000000 1.000000 
9200000.000000 1.000000 
9210000.000000 0.997600 
9220000.000000 0.999200 
9230000.000000 0.999200 
9240000.000000 0.999200 
9250000.000000 0.997600 
9260000.000000 1.000000 
9270000.000000 0.998400 
9280000.000000 1.000000 
9290000.000000 0.998400 
9300000.000000 0.999200 
9310000.000000 0.999200 
9320000.000000 1.000000 
9330000.000000 1.000000 
9340000.000000 0.999200 
9350000.000000 0.998400 
9360000.000000 1.000000 
9370000.000000 1.000000 
9380000.000000 0.999200 
9390000.000000 1.000000 
9400000.000000 0.999200 
9410000.000000 1.000000 
9420000.000000 0.999200 
9430000.000000 0.999200 
9440000.000000 0.999200 
9450000.000000 0.998400 
9460000.000000 0.999200 
9470000.000000 0.999200 
9480000.000000 1.000000 
9490000.000000 0.999200 
9500000.000000 0.997600 
9510000.000000 1.000000 
9520000.000000 0.999200 
9530000.000000 0.998400 
9540000.000000 1.000000 
9550000.000000 1.000000 
9560000.000000 0.999200 
9570000.000000 1.000000 
9580000.000000 0.998400 
9590000.000000 0.995200 
9600000.000000 1.000000 
9610000.000000 0.996800 
9620000.000000 0.998400 
9630000.000000 0.999200 
9640000.000000 1.000000 
9650000.000000 0.999200 
9660000.000000 1.000000 
9670000.000000 0.999200 
9680000.000000 0.999200 
9690000.000000 0.997600 
9700000.000000 0.998400 
9710000.000000 1.000000 
9720000.000000 1.000000 
9730000.000000 0.999200 
9740000.000000 0.999200 
9750000.000000 1.000000 
9760000.000000 0.999200 
9770000.000000 0.999200 
9780000.000000 1.000000 
9790000.000000 1.000000 
9800000.000000 0.999200 
9810000.000000 0.999200 
9820000.000000 1.000000 
9830000.000000 1.000000 
9840000.000000 1.000000 
9850000.000000 0.999200 
9860000.000000 0.998400 
9870000.000000 1.000000 
9880000.000000 0.998400 
9890000.000000 1.000000 
9900000.000000 1.000000 
9910000.000000 1.000000 
9920000.000000 1.000000 
9930000.000000 1.000000 
9940000.000000 0.999200 
9950000.000000 1.000000 
9960000.000000 0.998400 
9970000.000000 0.999200 
9980000.000000 0.999200 
9990000.000000 1.000000 
