0.000000 0.005600 
10000.000000 0.008800 
20000.000000 0.012800 
30000.000000 0.020000 
40000.000000 0.050400 
50000.000000 0.030400 
60000.000000 0.006400 
70000.000000 0.008000 
80000.000000 0.057600 
90000.000000 0.010400 
100000.000000 0.008000 
110000.000000 0.010400 
120000.000000 0.051200 
130000.000000 0.082400 
140000.000000 0.036800 
150000.000000 0.048000 
160000.000000 0.022400 
170000.000000 0.040800 
180000.000000 0.038400 
190000.000000 0.057600 
200000.000000 0.042400 
210000.000000 0.029600 
220000.000000 0.190400 
230000.000000 0.189600 
240000.000000 0.125600 
250000.000000 0.180000 
260000.000000 0.230400 
270000.000000 0.150400 
280000.000000 0.112000 
290000.000000 0.015200 
300000.000000 0.049600 
310000.000000 0.036800 
320000.000000 0.016000 
330000.000000 0.029600 
340000.000000 0.028000 
350000.000000 0.000800 
360000.000000 0.032800 
370000.000000 0.065600 
380000.000000 0.126400 
390000.000000 0.129600 
400000.000000 0.101600 
410000.000000 0.044800 
420000.000000 0.082400 
430000.000000 0.032000 
440000.000000 0.088000 
450000.000000 0.023200 
460000.000000 0.044800 
470000.000000 0.045600 
480000.000000 0.053600 
490000.000000 0.001600 
500000.000000 0.018400 
510000.000000 0.002400 
520000.000000 0.044000 
530000.000000 0.007200 
540000.000000 0.020000 
550000.000000 0.011200 
560000.000000 0.023200 
570000.000000 0.042400 
580000.000000 0.032800 
590000.000000 0.060800 
600000.000000 0.134400 
610000.000000 0.110400 
620000.000000 0.125600 
630000.000000 0.160000 
640000.000000 0.160800 
650000.000000 0.189600 
660000.000000 0.174400 
670000.000000 0.079200 
680000.000000 0.169600 
690000.000000 0.093600 
700000.000000 0.025600 
710000.000000 0.038400 
720000.000000 0.062400 
730000.000000 0.043200 
740000.000000 0.013600 
750000.000000 0.154400 
760000.000000 0.114400 
770000.000000 0.122400 
780000.000000 0.120800 
790000.000000 0.157600 
800000.000000 0.161600 
810000.000000 0.125600 
820000.000000 0.120000 
830000.000000 0.111200 
840000.000000 0.053600 
850000.000000 0.055200 
860000.000000 0.004800 
870000.000000 0.021600 
880000.000000 0.041600 
890000.000000 0.063200 
900000.000000 0.038400 
910000.000000 0.143200 
920000.000000 0.066400 
930000.000000 0.003200 
940000.000000 0.033600 
950000.000000 0.010400 
960000.000000 0.001600 
970000.000000 0.072000 
980000.000000 0.052000 
990000.000000 0.013600 
1000000.000000 0.051200 
1010000.000000 0.057600 
1020000.000000 0.054400 
1030000.000000 0.053600 
1040000.000000 0.087200 
1050000.000000 0.034400 
1060000.000000 0.051200 
1070000.000000 0.008800 
1080000.000000 0.078400 
1090000.000000 0.026400 
1100000.000000 0.072000 
1110000.000000 0.000800 
1120000.000000 0.092000 
1130000.000000 0.024800 
1140000.000000 0.056000 
1150000.000000 0.042400 
1160000.000000 0.037600 
1170000.000000 0.031200 
1180000.000000 0.019200 
1190000.000000 0.017600 
1200000.000000 0.000800 
1210000.000000 0.061600 
1220000.000000 0.074400 
1230000.000000 0.011200 
1240000.000000 0.053600 
1250000.000000 0.007200 
1260000.000000 0.024800 
1270000.000000 0.025600 
1280000.000000 0.087200 
1290000.000000 0.012800 
1300000.000000 0.014400 
1310000.000000 0.040800 
1320000.000000 0.036000 
1330000.000000 0.022400 
1340000.000000 0.068800 
1350000.000000 0.078400 
1360000.000000 0.020800 
1370000.000000 0.023200 
1380000.000000 0.023200 
1390000.000000 0.005600 
1400000.000000 0.019200 
1410000.000000 0.037600 
1420000.000000 0.039200 
1430000.000000 0.045600 
1440000.000000 0.022400 
1450000.000000 0.064000 
1460000.000000 0.026400 
1470000.000000 0.004000 
1480000.000000 0.024000 
1490000.000000 0.033600 
1500000.000000 0.048000 
1510000.000000 0.022400 
1520000.000000 0.016000 
1530000.000000 0.061600 
1540000.000000 0.086400 
1550000.000000 0.148800 
1560000.000000 0.152000 
1570000.000000 0.155200 
1580000.000000 0.168800 
1590000.000000 0.111200 
1600000.000000 0.136800 
1610000.000000 0.092800 
1620000.000000 0.140800 
1630000.000000 0.116800 
1640000.000000 0.107200 
1650000.000000 0.080000 
1660000.000000 0.052800 
1670000.000000 0.078400 
1680000.000000 0.011200 
1690000.000000 0.008800 
1700000.000000 0.008800 
1710000.000000 0.015200 
1720000.000000 0.014400 
1730000.000000 0.079200 
1740000.000000 0.072000 
1750000.000000 0.025600 
1760000.000000 0.051200 
1770000.000000 0.025600 
1780000.000000 0.064800 
1790000.000000 0.155200 
1800000.000000 0.134400 
1810000.000000 0.036800 
1820000.000000 0.036800 
1830000.000000 0.006400 
1840000.000000 0.090400 
1850000.000000 0.018400 
1860000.000000 0.032800 
1870000.000000 0.006400 
1880000.000000 0.004000 
1890000.000000 0.095200 
1900000.000000 0.068800 
1910000.000000 0.031200 
1920000.000000 0.022400 
1930000.000000 0.032800 
1940000.000000 0.026400 
1950000.000000 0.087200 
1960000.000000 0.113600 
1970000.000000 0.112800 
1980000.000000 0.118400 
1990000.000000 0.055200 
2000000.000000 0.185600 
2010000.000000 0.174400 
2020000.000000 0.074400 
2030000.000000 0.038400 
2040000.000000 0.068000 
2050000.000000 0.038400 
2060000.000000 0.038400 
2070000.000000 0.101600 
2080000.000000 0.074400 
2090000.000000 0.005600 
2100000.000000 0.029600 
2110000.000000 0.008800 
2120000.000000 0.007200 
2130000.000000 0.051200 
2140000.000000 0.012800 
2150000.000000 0.024800 
2160000.000000 0.038400 
2170000.000000 0.007200 
2180000.000000 0.031200 
2190000.000000 0.032000 
2200000.000000 0.028000 
2210000.000000 0.088000 
2220000.000000 0.142400 
2230000.000000 0.116800 
2240000.000000 0.076000 
2250000.000000 0.024800 
2260000.000000 0.009600 
2270000.000000 0.049600 
2280000.000000 0.028800 
2290000.000000 0.016800 
2300000.000000 0.038400 
2310000.000000 0.032000 
2320000.000000 0.059200 
2330000.000000 0.086400 
2340000.000000 0.078400 
2350000.000000 0.080000 
2360000.000000 0.088800 
2370000.000000 0.094400 
2380000.000000 0.024800 
2390000.000000 0.035200 
2400000.000000 0.017600 
2410000.000000 0.024000 
2420000.000000 0.048000 
2430000.000000 0.071200 
2440000.000000 0.000800 
2450000.000000 0.032000 
2460000.000000 0.040800 
2470000.000000 0.020000 
2480000.000000 0.041600 
2490000.000000 0.101600 
2500000.000000 0.025600 
2510000.000000 0.007200 
2520000.000000 0.004800 
2530000.000000 0.026400 
2540000.000000 0.022400 
2550000.000000 0.153600 
2560000.000000 0.113600 
2570000.000000 0.131200 
2580000.000000 0.108000 
2590000.000000 0.060800 
2600000.000000 0.074400 
2610000.000000 0.064000 
2620000.000000 0.056000 
2630000.000000 0.013600 
2640000.000000 0.016800 
2650000.000000 0.015200 
2660000.000000 0.060000 
2670000.000000 0.029600 
2680000.000000 0.006400 
2690000.000000 0.017600 
2700000.000000 0.019200 
2710000.000000 0.004800 
2720000.000000 0.017600 
2730000.000000 0.010400 
2740000.000000 0.025600 
2750000.000000 0.061600 
2760000.000000 0.059200 
2770000.000000 0.016800 
2780000.000000 0.019200 
2790000.000000 0.003200 
2800000.000000 0.023200 
2810000.000000 0.056000 
2820000.000000 0.001600 
2830000.000000 0.040000 
2840000.000000 0.064800 
2850000.000000 0.001600 
2860000.000000 0.022400 
2870000.000000 0.036000 
2880000.000000 0.043200 
2890000.000000 0.056000 
2900000.000000 0.003200 
2910000.000000 0.031200 
2920000.000000 0.041600 
2930000.000000 0.116800 
2940000.000000 0.186400 
2950000.000000 0.137600 
2960000.000000 0.125600 
2970000.000000 0.056000 
2980000.000000 0.028000 
2990000.000000 0.028800 
3000000.000000 0.070400 
3010000.000000 0.060000 
3020000.000000 0.006400 
3030000.000000 0.014400 
3040000.000000 0.054400 
3050000.000000 0.108800 
3060000.000000 0.038400 
3070000.000000 0.024000 
3080000.000000 0.004000 
3090000.000000 0.038400 
3100000.000000 0.032800 
3110000.000000 0.063200 
3120000.000000 0.102400 
3130000.000000 0.140000 
3140000.000000 0.092000 
3150000.000000 0.041600 
3160000.000000 0.026400 
3170000.000000 0.006400 
3180000.000000 0.021600 
3190000.000000 0.003200 
3200000.000000 0.010400 
3210000.000000 0.008800 
3220000.000000 0.049600 
3230000.000000 0.048800 
3240000.000000 0.078400 
3250000.000000 0.062400 
3260000.000000 0.112000 
3270000.000000 0.126400 
3280000.000000 0.126400 
3290000.000000 0.118400 
3300000.000000 0.157600 
3310000.000000 0.173600 
3320000.000000 0.166400 
3330000.000000 0.160000 
3340000.000000 0.093600 
3350000.000000 0.100000 
3360000.000000 0.100000 
3370000.000000 0.128800 
3380000.000000 0.110400 
3390000.000000 0.066400 
3400000.000000 0.004800 
3410000.000000 0.007200 
3420000.000000 0.011200 
3430000.000000 0.016800 
3440000.000000 0.023200 
3450000.000000 0.028000 
3460000.000000 0.041600 
3470000.000000 0.080000 
3480000.000000 0.024000 
3490000.000000 0.005600 
3500000.000000 0.055200 
3510000.000000 0.021600 
3520000.000000 0.015200 
3530000.000000 0.035200 
3540000.000000 0.024000 
3550000.000000 0.048800 
3560000.000000 0.007200 
3570000.000000 0.044000 
3580000.000000 0.084000 
3590000.000000 0.032800 
3600000.000000 0.019200 
3610000.000000 0.067200 
3620000.000000 0.026400 
3630000.000000 0.072800 
3640000.000000 0.031200 
3650000.000000 0.016000 
3660000.000000 0.028000 
3670000.000000 0.069600 
3680000.000000 0.110400 
3690000.000000 0.009600 
3700000.000000 0.000000 
3710000.000000 0.122400 
3720000.000000 0.090400 
3730000.000000 0.113600 
3740000.000000 0.078400 
3750000.000000 0.092800 
3760000.000000 0.119200 
3770000.000000 0.106400 
3780000.000000 0.098400 
3790000.000000 0.099200 
3800000.000000 0.070400 
3810000.000000 0.003200 
3820000.000000 0.056000 
3830000.000000 0.052800 
3840000.000000 0.088800 
3850000.000000 0.017600 
3860000.000000 0.019200 
3870000.000000 0.059200 
3880000.000000 0.093600 
3890000.000000 0.098400 
3900000.000000 0.066400 
3910000.000000 0.015200 
3920000.000000 0.043200 
3930000.000000 0.103200 
3940000.000000 0.142400 
3950000.000000 0.124800 
3960000.000000 0.132000 
3970000.000000 0.067200 
3980000.000000 0.050400 
3990000.000000 0.046400 
4000000.000000 0.128000 
4010000.000000 0.027200 
4020000.000000 0.002400 
4030000.000000 0.042400 
4040000.000000 0.024800 
4050000.000000 0.028000 
4060000.000000 0.007200 
4070000.000000 0.015200 
4080000.000000 0.006400 
4090000.000000 0.015200 
4100000.000000 0.006400 
4110000.000000 0.046400 
4120000.000000 0.116000 
4130000.000000 0.036800 
4140000.000000 0.024000 
4150000.000000 0.002400 
4160000.000000 0.008800 
4170000.000000 0.015200 
4180000.000000 0.000000 
4190000.000000 0.020800 
4200000.000000 0.000000 
4210000.000000 0.042400 
4220000.000000 0.072000 
4230000.000000 0.068800 
4240000.000000 0.085600 
4250000.000000 0.114400 
4260000.000000 0.008800 
4270000.000000 0.038400 
4280000.000000 0.013600 
4290000.000000 0.063200 
4300000.000000 0.000800 
4310000.000000 0.020800 
4320000.000000 0.088800 
4330000.000000 0.075200 
4340000.000000 0.130400 
4350000.000000 0.130400 
4360000.000000 0.063200 
4370000.000000 0.018400 
4380000.000000 0.105600 
4390000.000000 0.032800 
4400000.000000 0.144000 
4410000.000000 0.118400 
4420000.000000 0.147200 
4430000.000000 0.130400 
4440000.000000 0.116800 
4450000.000000 0.050400 
4460000.000000 0.052000 
4470000.000000 0.076000 
4480000.000000 0.001600 
4490000.000000 0.025600 
4500000.000000 0.100800 
4510000.000000 0.072000 
4520000.000000 0.088000 
4530000.000000 0.108000 
4540000.000000 0.112800 
4550000.000000 0.138400 
4560000.000000 0.114400 
4570000.000000 0.128000 
4580000.000000 0.164800 
4590000.000000 0.108800 
4600000.000000 0.108800 
4610000.000000 0.067200 
4620000.000000 0.027200 
4630000.000000 0.034400 
4640000.000000 0.037600 
4650000.000000 0.043200 
4660000.000000 0.062400 
4670000.000000 0.033600 
4680000.000000 0.019200 
4690000.000000 0.023200 
4700000.000000 0.036800 
4710000.000000 0.044000 
4720000.000000 0.064800 
4730000.000000 0.064800 
4740000.000000 0.028000 
4750000.000000 0.044800 
4760000.000000 0.072800 
4770000.000000 0.068000 
4780000.000000 0.047200 
4790000.000000 0.068800 
4800000.000000 0.000800 
4810000.000000 0.001600 
4820000.000000 0.000000 
4830000.000000 0.035200 
4840000.000000 0.028000 
4850000.000000 0.021600 
4860000.000000 0.018400 
4870000.000000 0.016800 
4880000.000000 0.055200 
4890000.000000 0.079200 
4900000.000000 0.043200 
4910000.000000 0.054400 
4920000.000000 0.031200 
4930000.000000 0.008000 
4940000.000000 0.009600 
4950000.000000 0.011200 
4960000.000000 0.025600 
4970000.000000 0.054400 
4980000.000000 0.050400 
4990000.000000 0.083200 
5000000.000000 0.041600 
5010000.000000 0.019200 
5020000.000000 0.015200 
5030000.000000 0.016800 
5040000.000000 0.128800 
5050000.000000 0.075200 
5060000.000000 0.026400 
5070000.000000 0.028000 
5080000.000000 0.048800 
5090000.000000 0.120800 
5100000.000000 0.044000 
5110000.000000 0.044800 
5120000.000000 0.056800 
5130000.000000 0.030400 
5140000.000000 0.035200 
5150000.000000 0.002400 
5160000.000000 0.022400 
5170000.000000 0.132000 
5180000.000000 0.077600 
5190000.000000 0.082400 
5200000.000000 0.111200 
5210000.000000 0.103200 
5220000.000000 0.011200 
5230000.000000 0.012800 
5240000.000000 0.015200 
5250000.000000 0.015200 
5260000.000000 0.014400 
5270000.000000 0.016800 
5280000.000000 0.067200 
5290000.000000 0.056800 
5300000.000000 0.046400 
5310000.000000 0.024000 
5320000.000000 0.017600 
5330000.000000 0.069600 
5340000.000000 0.028800 
5350000.000000 0.040800 
5360000.000000 0.085600 
5370000.000000 0.050400 
5380000.000000 0.058400 
5390000.000000 0.111200 
5400000.000000 0.164000 
5410000.000000 0.135200 
5420000.000000 0.074400 
5430000.000000 0.140000 
5440000.000000 0.216800 
5450000.000000 0.152800 
5460000.000000 0.001600 
5470000.000000 0.005600 
5480000.000000 0.032000 
5490000.000000 0.040000 
5500000.000000 0.059200 
5510000.000000 0.088800 
5520000.000000 0.070400 
5530000.000000 0.032000 
5540000.000000 0.033600 
5550000.000000 0.073600 
5560000.000000 0.080800 
5570000.000000 0.128000 
5580000.000000 0.054400 
5590000.000000 0.002400 
5600000.000000 0.009600 
5610000.000000 0.032000 
5620000.000000 0.104800 
5630000.000000 0.037600 
5640000.000000 0.023200 
5650000.000000 0.020000 
5660000.000000 0.038400 
5670000.000000 0.080800 
5680000.000000 0.121600 
5690000.000000 0.106400 
5700000.000000 0.100800 
5710000.000000 0.048000 
5720000.000000 0.084800 
5730000.000000 0.028800 
5740000.000000 0.077600 
5750000.000000 0.014400 
5760000.000000 0.021600 
5770000.000000 0.025600 
5780000.000000 0.038400 
5790000.000000 0.015200 
5800000.000000 0.044000 
5810000.000000 0.039200 
5820000.000000 0.065600 
5830000.000000 0.091200 
5840000.000000 0.049600 
5850000.000000 0.029600 
5860000.000000 0.009600 
5870000.000000 0.016000 
5880000.000000 0.034400 
5890000.000000 0.112000 
5900000.000000 0.120800 
5910000.000000 0.053600 
5920000.000000 0.031200 
5930000.000000 0.048800 
5940000.000000 0.022400 
5950000.000000 0.040000 
5960000.000000 0.024000 
5970000.000000 0.016800 
5980000.000000 0.004000 
5990000.000000 0.057600 
6000000.000000 0.071200 
6010000.000000 0.008000 
6020000.000000 0.043200 
6030000.000000 0.021600 
6040000.000000 0.104000 
6050000.000000 0.116000 
6060000.000000 0.075200 
6070000.000000 0.000800 
6080000.000000 0.058400 
6090000.000000 0.102400 
6100000.000000 0.052000 
6110000.000000 0.016800 
6120000.000000 0.034400 
6130000.000000 0.049600 
6140000.000000 0.106400 
6150000.000000 0.057600 
6160000.000000 0.048000 
6170000.000000 0.024000 
6180000.000000 0.068000 
6190000.000000 0.077600 
6200000.000000 0.076000 
6210000.000000 0.039200 
6220000.000000 0.072800 
6230000.000000 0.005600 
6240000.000000 0.016800 
6250000.000000 0.112000 
6260000.000000 0.111200 
6270000.000000 0.127200 
6280000.000000 0.052000 
6290000.000000 0.021600 
6300000.000000 0.014400 
6310000.000000 0.000800 
6320000.000000 0.060800 
6330000.000000 0.059200 
6340000.000000 0.101600 
6350000.000000 0.019200 
6360000.000000 0.038400 
6370000.000000 0.012800 
6380000.000000 0.018400 
6390000.000000 0.066400 
6400000.000000 0.043200 
6410000.000000 0.047200 
6420000.000000 0.006400 
6430000.000000 0.018400 
6440000.000000 0.037600 
6450000.000000 0.026400 
6460000.000000 0.016800 
6470000.000000 0.024800 
6480000.000000 0.047200 
6490000.000000 0.032000 
6500000.000000 0.131200 
6510000.000000 0.131200 
6520000.000000 0.039200 
6530000.000000 0.020000 
6540000.000000 0.012800 
6550000.000000 0.044000 
6560000.000000 0.030400 
6570000.000000 0.004800 
6580000.000000 0.067200 
6590000.000000 0.022400 
6600000.000000 0.017600 
6610000.000000 0.053600 
6620000.000000 0.097600 
6630000.000000 0.095200 
6640000.000000 0.029600 
6650000.000000 0.050400 
6660000.000000 0.101600 
6670000.000000 0.068800 
6680000.000000 0.008800 
6690000.000000 0.043200 
6700000.000000 0.016000 
6710000.000000 0.077600 
6720000.000000 0.007200 
6730000.000000 0.074400 
6740000.000000 0.075200 
6750000.000000 0.017600 
6760000.000000 0.002400 
6770000.000000 0.046400 
6780000.000000 0.058400 
6790000.000000 0.065600 
6800000.000000 0.018400 
6810000.000000 0.047200 
6820000.000000 0.101600 
6830000.000000 0.124800 
6840000.000000 0.060800 
6850000.000000 0.092000 
6860000.000000 0.130400 
6870000.000000 0.112000 
6880000.000000 0.108800 
6890000.000000 0.083200 
6900000.000000 0.044800 
6910000.000000 0.003200 
6920000.000000 0.070400 
6930000.000000 0.043200 
6940000.000000 0.003200 
6950000.000000 0.005600 
6960000.000000 0.040000 
6970000.000000 0.145600 
6980000.000000 0.176800 
6990000.000000 0.104800 
7000000.000000 0.106400 
7010000.000000 0.102400 
7020000.000000 0.031200 
7030000.000000 0.043200 
7040000.000000 0.035200 
7050000.000000 0.087200 
7060000.000000 0.063200 
7070000.000000 0.025600 
7080000.000000 0.016800 
7090000.000000 0.024000 
7100000.000000 0.010400 
7110000.000000 0.018400 
7120000.000000 0.054400 
7130000.000000 0.050400 
7140000.000000 0.044000 
7150000.000000 0.024800 
7160000.000000 0.028000 
7170000.000000 0.044800 
7180000.000000 0.013600 
7190000.000000 0.061600 
7200000.000000 0.105600 
7210000.000000 0.108000 
7220000.000000 0.114400 
7230000.000000 0.073600 
7240000.000000 0.098400 
7250000.000000 0.016800 
7260000.000000 0.021600 
7270000.000000 0.024800 
7280000.000000 0.090400 
7290000.000000 0.024000 
7300000.000000 0.035200 
7310000.000000 0.033600 
7320000.000000 0.053600 
7330000.000000 0.032800 
7340000.000000 0.024000 
7350000.000000 0.003200 
7360000.000000 0.081600 
7370000.000000 0.123200 
7380000.000000 0.052800 
7390000.000000 0.012800 
7400000.000000 0.020000 
7410000.000000 0.081600 
7420000.000000 0.100800 
7430000.000000 0.042400 
7440000.000000 0.090400 
7450000.000000 0.088800 
7460000.000000 0.107200 
7470000.000000 0.097600 
7480000.000000 0.095200 
7490000.000000 0.084800 
7500000.000000 0.010400 
7510000.000000 0.052000 
7520000.000000 0.015200 
7530000.000000 0.032800 
7540000.000000 0.055200 
7550000.000000 0.002400 
7560000.000000 0.039200 
7570000.000000 0.093600 
7580000.000000 0.026400 
7590000.000000 0.031200 
7600000.000000 0.000000 
7610000.000000 0.029600 
7620000.000000 0.037600 
7630000.000000 0.056000 
7640000.000000 0.011200 
7650000.000000 0.047200 
7660000.000000 0.060000 
7670000.000000 0.051200 
7680000.000000 0.006400 
7690000.000000 0.018400 
7700000.000000 0.008000 
7710000.000000 0.007200 
7720000.000000 0.091200 
7730000.000000 0.064000 
7740000.000000 0.047200 
7750000.000000 0.023200 
7760000.000000 0.000800 
7770000.000000 0.032000 
7780000.000000 0.022400 
7790000.000000 0.088800 
7800000.000000 0.105600 
7810000.000000 0.080800 
7820000.000000 0.040000 
7830000.000000 0.079200 
7840000.000000 0.110400 
7850000.000000 0.168000 
7860000.000000 0.087200 
7870000.000000 0.048800 
7880000.000000 0.000800 
7890000.000000 0.032800 
7900000.000000 0.014400 
7910000.000000 0.046400 
7920000.000000 0.066400 
7930000.000000 0.095200 
7940000.000000 0.031200 
7950000.000000 0.056800 
7960000.000000 0.004800 
7970000.000000 0.045600 
7980000.000000 0.000000 
7990000.000000 0.024800 
8000000.000000 0.033600 
8010000.000000 0.076000 
8020000.000000 0.018400 
8030000.000000 0.070400 
8040000.000000 0.019200 
8050000.000000 0.044800 
8060000.000000 0.068000 
8070000.000000 0.090400 
8080000.000000 0.019200 
8090000.000000 0.044000 
8100000.000000 0.059200 
8110000.000000 0.102400 
8120000.000000 0.092800 
8130000.000000 0.072800 
8140000.000000 0.031200 
8150000.000000 0.076000 
8160000.000000 0.001600 
8170000.000000 0.033600 
8180000.000000 0.054400 
8190000.000000 0.052000 
8200000.000000 0.000800 
8210000.000000 0.000000 
8220000.000000 0.071200 
8230000.000000 0.021600 
8240000.000000 0.016800 
8250000.000000 0.028000 
8260000.000000 0.052000 
8270000.000000 0.035200 
8280000.000000 0.023200 
8290000.000000 0.094400 
8300000.000000 0.019200 
8310000.000000 0.044000 
8320000.000000 0.007200 
8330000.000000 0.020000 
8340000.000000 0.025600 
8350000.000000 0.004800 
8360000.000000 0.008800 
8370000.000000 0.071200 
8380000.000000 0.004000 
8390000.000000 0.017600 
8400000.000000 0.035200 
8410000.000000 0.033600 
8420000.000000 0.031200 
8430000.000000 0.044000 
8440000.000000 0.085600 
8450000.000000 0.122400 
8460000.000000 0.057600 
8470000.000000 0.110400 
8480000.000000 0.176800 
8490000.000000 0.124800 
8500000.000000 0.005600 
8510000.000000 0.017600 
8520000.000000 0.004800 
8530000.000000 0.025600 
8540000.000000 0.036800 
8550000.000000 0.093600 
8560000.000000 0.042400 
8570000.000000 0.005600 
8580000.000000 0.014400 
8590000.000000 0.029600 
8600000.000000 0.062400 
8610000.000000 0.106400 
8620000.000000 0.065600 
8630000.000000 0.064000 
8640000.000000 0.170400 
8650000.000000 0.097600 
8660000.000000 0.038400 
8670000.000000 0.047200 
8680000.000000 0.125600 
8690000.000000 0.144800 
8700000.000000 0.131200 
8710000.000000 0.109600 
8720000.000000 0.079200 
8730000.000000 0.052800 
8740000.000000 0.015200 
8750000.000000 0.032800 
8760000.000000 0.020000 
8770000.000000 0.000800 
8780000.000000 0.038400 
8790000.000000 0.043200 
8800000.000000 0.044800 
8810000.000000 0.034400 
8820000.000000 0.068000 
8830000.000000 0.028800 
8840000.000000 0.003200 
8850000.000000 0.026400 
8860000.000000 0.068000 
8870000.000000 0.118400 
8880000.000000 0.064000 
8890000.000000 0.008000 
8900000.000000 0.002400 
8910000.000000 0.068800 
8920000.000000 0.004000 
8930000.000000 0.045600 
8940000.000000 0.020000 
8950000.000000 0.020800 
8960000.000000 0.062400 
8970000.000000 0.032800 
8980000.000000 0.026400 
8990000.000000 0.080800 
9000000.000000 0.028000 
9010000.000000 0.053600 
9020000.000000 0.033600 
9030000.000000 0.010400 
9040000.000000 0.019200 
9050000.000000 0.048800 
9060000.000000 0.027200 
9070000.000000 0.121600 
9080000.000000 0.161600 
9090000.000000 0.091200 
9100000.000000 0.158400 
9110000.000000 0.138400 
9120000.000000 0.212000 
9130000.000000 0.101600 
9140000.000000 0.058400 
9150000.000000 0.002400 
9160000.000000 0.005600 
9170000.000000 0.028000 
9180000.000000 0.033600 
9190000.000000 0.008800 
9200000.000000 0.057600 
9210000.000000 0.024800 
9220000.000000 0.024800 
9230000.000000 0.073600 
9240000.000000 0.038400 
9250000.000000 0.072000 
9260000.000000 0.017600 
9270000.000000 0.026400 
9280000.000000 0.082400 
9290000.000000 0.054400 
9300000.000000 0.031200 
9310000.000000 0.049600 
9320000.000000 0.049600 
9330000.000000 0.036800 
9340000.000000 0.016800 
9350000.000000 0.030400 
9360000.000000 0.015200 
9370000.000000 0.028000 
9380000.000000 0.032000 
9390000.000000 0.026400 
9400000.000000 0.075200 
9410000.000000 0.076000 
9420000.000000 0.078400 
9430000.000000 0.119200 
9440000.000000 0.155200 
9450000.000000 0.074400 
9460000.000000 0.023200 
9470000.000000 0.031200 
9480000.000000 0.077600 
9490000.000000 0.089600 
9500000.000000 0.103200 
9510000.000000 0.032800 
9520000.000000 0.065600 
9530000.000000 0.060000 
9540000.000000 0.033600 
9550000.000000 0.036000 
9560000.000000 0.050400 
9570000.000000 0.060800 
9580000.000000 0.012800 
9590000.000000 0.028000 
9600000.000000 0.050400 
9610000.000000 0.010400 
9620000.000000 0.052000 
9630000.000000 0.040800 
9640000.000000 0.071200 
9650000.000000 0.052000 
9660000.000000 0.028800 
9670000.000000 0.020800 
9680000.000000 0.036800 
9690000.000000 0.043200 
9700000.000000 0.070400 
9710000.000000 0.014400 
9720000.000000 0.021600 
9730000.000000 0.018400 
9740000.000000 0.049600 
9750000.000000 0.036800 
9760000.000000 0.079200 
9770000.000000 0.099200 
9780000.000000 0.003200 
9790000.000000 0.084000 
9800000.000000 0.082400 
9810000.000000 0.045600 
9820000.000000 0.039200 
9830000.000000 0.046400 
9840000.000000 0.060800 
9850000.000000 0.045600 
9860000.000000 0.025600 
9870000.000000 0.030400 
9880000.000000 0.008800 
9890000.000000 0.008800 
9900000.000000 0.025600 
9910000.000000 0.023200 
9920000.000000 0.020800 
9930000.000000 0.008800 
9940000.000000 0.054400 
9950000.000000 0.046400 
9960000.000000 0.022400 
9970000.000000 0.024000 
9980000.000000 0.030400 
9990000.000000 0.004000 
