0.000000 0.000000 
10000.000000 0.000000 
20000.000000 0.000000 
30000.000000 0.000000 
40000.000000 0.000000 
50000.000000 0.000000 
60000.000000 0.000000 
70000.000000 0.000000 
80000.000000 0.000000 
90000.000000 0.000000 
100000.000000 0.000000 
110000.000000 0.000000 
120000.000000 0.000000 
130000.000000 0.000000 
140000.000000 0.000000 
150000.000000 0.000000 
160000.000000 0.000000 
170000.000000 0.000000 
180000.000000 0.000000 
190000.000000 0.000000 
200000.000000 0.000000 
210000.000000 0.000000 
220000.000000 0.000000 
230000.000000 0.000000 
240000.000000 0.000000 
250000.000000 0.000000 
260000.000000 0.000000 
270000.000000 0.000000 
280000.000000 0.000000 
290000.000000 0.000000 
300000.000000 0.000000 
310000.000000 0.000000 
320000.000000 0.000000 
330000.000000 0.000000 
340000.000000 0.000000 
350000.000000 0.000000 
360000.000000 0.000000 
370000.000000 0.000000 
380000.000000 0.000000 
390000.000000 0.000000 
400000.000000 0.000000 
410000.000000 0.000000 
420000.000000 0.000000 
430000.000000 0.000000 
440000.000000 0.000000 
450000.000000 0.000000 
460000.000000 0.000000 
470000.000000 0.000000 
480000.000000 0.000000 
490000.000000 0.000000 
500000.000000 0.000000 
510000.000000 0.000000 
520000.000000 0.000000 
530000.000000 0.000000 
540000.000000 0.000000 
550000.000000 0.000000 
560000.000000 0.000000 
570000.000000 0.000000 
580000.000000 0.000000 
590000.000000 0.000000 
600000.000000 0.000000 
610000.000000 0.000000 
620000.000000 0.000000 
630000.000000 0.000000 
640000.000000 0.000000 
650000.000000 0.000000 
660000.000000 0.000000 
670000.000000 0.000000 
680000.000000 0.000000 
690000.000000 0.000000 
700000.000000 0.000000 
710000.000000 0.000000 
720000.000000 0.000000 
730000.000000 0.000000 
740000.000000 0.000000 
750000.000000 0.000000 
760000.000000 0.000000 
770000.000000 0.000000 
780000.000000 0.000000 
790000.000000 0.000000 
800000.000000 0.000000 
810000.000000 0.000000 
820000.000000 0.000000 
830000.000000 0.000000 
840000.000000 0.000000 
850000.000000 0.000000 
860000.000000 0.000000 
870000.000000 0.000000 
880000.000000 0.000000 
890000.000000 0.000000 
900000.000000 0.000000 
910000.000000 0.000000 
920000.000000 0.000000 
930000.000000 0.000000 
940000.000000 0.000000 
950000.000000 0.000000 
960000.000000 0.000000 
970000.000000 0.000000 
980000.000000 0.000000 
990000.000000 0.000000 
1000000.000000 0.000000 
1010000.000000 0.000000 
1020000.000000 0.000000 
1030000.000000 0.000000 
1040000.000000 0.000000 
1050000.000000 0.000000 
1060000.000000 0.000000 
1070000.000000 0.000000 
1080000.000000 0.000000 
1090000.000000 0.000000 
1100000.000000 0.000000 
1110000.000000 0.000000 
1120000.000000 0.000000 
1130000.000000 0.000000 
1140000.000000 0.000000 
1150000.000000 0.000000 
1160000.000000 0.000000 
1170000.000000 0.000000 
1180000.000000 0.000000 
1190000.000000 0.000000 
1200000.000000 0.000000 
1210000.000000 0.000000 
1220000.000000 0.000000 
1230000.000000 0.000000 
1240000.000000 0.000000 
1250000.000000 0.000000 
1260000.000000 0.000000 
1270000.000000 0.000000 
1280000.000000 0.000000 
1290000.000000 0.000000 
1300000.000000 0.000000 
1310000.000000 0.000000 
1320000.000000 0.000000 
1330000.000000 0.000000 
1340000.000000 0.000000 
1350000.000000 0.000000 
1360000.000000 0.000000 
1370000.000000 0.000000 
1380000.000000 0.000000 
1390000.000000 0.000000 
1400000.000000 0.000000 
1410000.000000 0.000000 
1420000.000000 0.000000 
1430000.000000 0.000000 
1440000.000000 0.000000 
1450000.000000 0.000000 
1460000.000000 0.000000 
1470000.000000 0.000000 
1480000.000000 0.000000 
1490000.000000 0.000000 
1500000.000000 0.000000 
1510000.000000 0.000000 
1520000.000000 0.000000 
1530000.000000 0.000000 
1540000.000000 0.000000 
1550000.000000 0.000000 
1560000.000000 0.000000 
1570000.000000 0.000000 
1580000.000000 0.000000 
1590000.000000 0.000000 
1600000.000000 0.000000 
1610000.000000 0.000000 
1620000.000000 0.000000 
1630000.000000 0.000000 
1640000.000000 0.000000 
1650000.000000 0.000000 
1660000.000000 0.000000 
1670000.000000 0.000000 
1680000.000000 0.000000 
1690000.000000 0.000000 
1700000.000000 0.000000 
1710000.000000 0.000000 
1720000.000000 0.000000 
1730000.000000 0.000000 
1740000.000000 0.000000 
1750000.000000 0.000000 
1760000.000000 0.000000 
1770000.000000 0.000000 
1780000.000000 0.000000 
1790000.000000 0.000000 
1800000.000000 0.000000 
1810000.000000 0.000000 
1820000.000000 0.000000 
1830000.000000 0.000000 
1840000.000000 0.000000 
1850000.000000 0.000000 
1860000.000000 0.000000 
1870000.000000 0.000000 
1880000.000000 0.000000 
1890000.000000 0.000000 
1900000.000000 0.000000 
1910000.000000 0.000000 
1920000.000000 0.000000 
1930000.000000 0.000000 
1940000.000000 0.000000 
1950000.000000 0.000000 
1960000.000000 0.000000 
1970000.000000 0.000000 
1980000.000000 0.000000 
1990000.000000 0.000000 
2000000.000000 0.000000 
2010000.000000 0.000000 
2020000.000000 0.000000 
2030000.000000 0.000000 
2040000.000000 0.000000 
2050000.000000 0.000000 
2060000.000000 0.000000 
2070000.000000 0.000000 
2080000.000000 0.000000 
2090000.000000 0.000000 
2100000.000000 0.000000 
2110000.000000 0.000000 
2120000.000000 0.000000 
2130000.000000 0.000000 
2140000.000000 0.000000 
2150000.000000 0.000000 
2160000.000000 0.000000 
2170000.000000 0.000000 
2180000.000000 0.000000 
2190000.000000 0.000000 
2200000.000000 0.000000 
2210000.000000 0.000000 
2220000.000000 0.000000 
2230000.000000 0.000000 
2240000.000000 0.000000 
2250000.000000 0.000000 
2260000.000000 0.000000 
2270000.000000 0.000000 
2280000.000000 0.000000 
2290000.000000 0.000000 
2300000.000000 0.000000 
2310000.000000 0.000000 
2320000.000000 0.000000 
2330000.000000 0.000000 
2340000.000000 0.000000 
2350000.000000 0.000000 
2360000.000000 0.000000 
2370000.000000 0.000000 
2380000.000000 0.000000 
2390000.000000 0.000000 
2400000.000000 0.000000 
2410000.000000 0.000000 
2420000.000000 0.000000 
2430000.000000 0.000000 
2440000.000000 0.000000 
2450000.000000 0.000000 
2460000.000000 0.000000 
2470000.000000 0.000000 
2480000.000000 0.000000 
2490000.000000 0.000000 
2500000.000000 0.000000 
2510000.000000 0.000000 
2520000.000000 0.000000 
2530000.000000 0.000000 
2540000.000000 0.000000 
2550000.000000 0.000000 
2560000.000000 0.000000 
2570000.000000 0.000000 
2580000.000000 0.000000 
2590000.000000 0.000000 
2600000.000000 0.000000 
2610000.000000 0.000000 
2620000.000000 0.000000 
2630000.000000 0.000000 
2640000.000000 0.000000 
2650000.000000 0.000000 
2660000.000000 0.000000 
2670000.000000 0.000000 
2680000.000000 0.000000 
2690000.000000 0.000000 
2700000.000000 0.000000 
2710000.000000 0.000000 
2720000.000000 0.000000 
2730000.000000 0.000000 
2740000.000000 0.000000 
2750000.000000 0.000000 
2760000.000000 0.000000 
2770000.000000 0.000000 
2780000.000000 0.000000 
2790000.000000 0.000000 
2800000.000000 0.000000 
2810000.000000 0.000000 
2820000.000000 0.000000 
2830000.000000 0.000000 
2840000.000000 0.000000 
2850000.000000 0.000000 
2860000.000000 0.000000 
2870000.000000 0.000000 
2880000.000000 0.000000 
2890000.000000 0.000000 
2900000.000000 0.000000 
2910000.000000 0.000000 
2920000.000000 0.000000 
2930000.000000 0.000000 
2940000.000000 0.000000 
2950000.000000 0.000000 
2960000.000000 0.000000 
2970000.000000 0.000000 
2980000.000000 0.000000 
2990000.000000 0.000000 
3000000.000000 0.000000 
3010000.000000 0.000000 
3020000.000000 0.000000 
3030000.000000 0.000000 
3040000.000000 0.000000 
3050000.000000 0.000000 
3060000.000000 0.000000 
3070000.000000 0.000000 
3080000.000000 0.000000 
3090000.000000 0.000000 
3100000.000000 0.000000 
3110000.000000 0.000000 
3120000.000000 0.000000 
3130000.000000 0.000000 
3140000.000000 0.000000 
3150000.000000 0.000000 
3160000.000000 0.000000 
3170000.000000 0.000000 
3180000.000000 0.000000 
3190000.000000 0.000000 
3200000.000000 0.000000 
3210000.000000 0.000000 
3220000.000000 0.000000 
3230000.000000 0.000000 
3240000.000000 0.000000 
3250000.000000 0.000000 
3260000.000000 0.000000 
3270000.000000 0.000000 
3280000.000000 0.000000 
3290000.000000 0.000000 
3300000.000000 0.000000 
3310000.000000 0.000000 
3320000.000000 0.000000 
3330000.000000 0.000000 
3340000.000000 0.000000 
3350000.000000 0.000000 
3360000.000000 0.000000 
3370000.000000 0.000000 
3380000.000000 0.000000 
3390000.000000 0.000000 
3400000.000000 0.000000 
3410000.000000 0.000000 
3420000.000000 0.000000 
3430000.000000 0.000000 
3440000.000000 0.000000 
3450000.000000 0.000000 
3460000.000000 0.000000 
3470000.000000 0.000000 
3480000.000000 0.000000 
3490000.000000 0.000000 
3500000.000000 0.000000 
3510000.000000 0.000000 
3520000.000000 0.000000 
3530000.000000 0.000000 
3540000.000000 0.000000 
3550000.000000 0.000000 
3560000.000000 0.000000 
3570000.000000 0.000000 
3580000.000000 0.000000 
3590000.000000 0.000000 
3600000.000000 0.000000 
3610000.000000 0.000000 
3620000.000000 0.000000 
3630000.000000 0.000000 
3640000.000000 0.000000 
3650000.000000 0.000000 
3660000.000000 0.000000 
3670000.000000 0.000000 
3680000.000000 0.000000 
3690000.000000 0.000000 
3700000.000000 0.000000 
3710000.000000 0.000000 
3720000.000000 0.000000 
3730000.000000 0.000000 
3740000.000000 0.000000 
3750000.000000 0.000000 
3760000.000000 0.000000 
3770000.000000 0.000000 
3780000.000000 0.000000 
3790000.000000 0.000000 
3800000.000000 0.000000 
3810000.000000 0.000000 
3820000.000000 0.000000 
3830000.000000 0.000000 
3840000.000000 0.000000 
3850000.000000 0.000000 
3860000.000000 0.000000 
3870000.000000 0.000000 
3880000.000000 0.000000 
3890000.000000 0.000000 
3900000.000000 0.000000 
3910000.000000 0.000000 
3920000.000000 0.000000 
3930000.000000 0.000000 
3940000.000000 0.000000 
3950000.000000 0.000000 
3960000.000000 0.000000 
3970000.000000 0.000000 
3980000.000000 0.000000 
3990000.000000 0.000000 
4000000.000000 0.000000 
4010000.000000 0.000000 
4020000.000000 0.000000 
4030000.000000 0.000000 
4040000.000000 0.000000 
4050000.000000 0.000000 
4060000.000000 0.000000 
4070000.000000 0.000000 
4080000.000000 0.000000 
4090000.000000 0.000000 
4100000.000000 0.000000 
4110000.000000 0.000000 
4120000.000000 0.000000 
4130000.000000 0.000000 
4140000.000000 0.000000 
4150000.000000 0.000000 
4160000.000000 0.000000 
4170000.000000 0.000000 
4180000.000000 0.000000 
4190000.000000 0.000000 
4200000.000000 0.000000 
4210000.000000 0.000000 
4220000.000000 0.000000 
4230000.000000 0.000000 
4240000.000000 0.000000 
4250000.000000 0.000000 
4260000.000000 0.000000 
4270000.000000 0.000000 
4280000.000000 0.000000 
4290000.000000 0.000000 
4300000.000000 0.000000 
4310000.000000 0.000000 
4320000.000000 0.000000 
4330000.000000 0.000000 
4340000.000000 0.000000 
4350000.000000 0.000000 
4360000.000000 0.000000 
4370000.000000 0.000000 
4380000.000000 0.000000 
4390000.000000 0.000000 
4400000.000000 0.000000 
4410000.000000 0.000000 
4420000.000000 0.000000 
4430000.000000 0.000000 
4440000.000000 0.000000 
4450000.000000 0.000000 
4460000.000000 0.000000 
4470000.000000 0.000000 
4480000.000000 0.000000 
4490000.000000 0.000000 
4500000.000000 0.000000 
4510000.000000 0.000000 
4520000.000000 0.000000 
4530000.000000 0.000000 
4540000.000000 0.000000 
4550000.000000 0.000000 
4560000.000000 0.000000 
4570000.000000 0.000000 
4580000.000000 0.000000 
4590000.000000 0.000000 
4600000.000000 0.000000 
4610000.000000 0.000000 
4620000.000000 0.000000 
4630000.000000 0.000000 
4640000.000000 0.000000 
4650000.000000 0.000000 
4660000.000000 0.000000 
4670000.000000 0.000000 
4680000.000000 0.000000 
4690000.000000 0.000000 
4700000.000000 0.000000 
4710000.000000 0.000000 
4720000.000000 0.000000 
4730000.000000 0.000000 
4740000.000000 0.000000 
4750000.000000 0.000000 
4760000.000000 0.000000 
4770000.000000 0.000000 
4780000.000000 0.000000 
4790000.000000 0.000000 
4800000.000000 0.000000 
4810000.000000 0.000000 
4820000.000000 0.000000 
4830000.000000 0.000000 
4840000.000000 0.000000 
4850000.000000 0.000000 
4860000.000000 0.000000 
4870000.000000 0.000000 
4880000.000000 0.000000 
4890000.000000 0.000000 
4900000.000000 0.000000 
4910000.000000 0.000000 
4920000.000000 0.000000 
4930000.000000 0.000000 
4940000.000000 0.000000 
4950000.000000 0.000000 
4960000.000000 0.000000 
4970000.000000 0.000000 
4980000.000000 0.000000 
4990000.000000 0.000000 
5000000.000000 0.000000 
5010000.000000 0.000000 
5020000.000000 0.000000 
5030000.000000 0.000000 
5040000.000000 0.000000 
5050000.000000 0.000000 
5060000.000000 0.000000 
5070000.000000 0.000000 
5080000.000000 0.000000 
5090000.000000 0.000000 
5100000.000000 0.000000 
5110000.000000 0.000000 
5120000.000000 0.000000 
5130000.000000 0.000000 
5140000.000000 0.000000 
5150000.000000 0.000000 
5160000.000000 0.000000 
5170000.000000 0.000000 
5180000.000000 0.000000 
5190000.000000 0.000000 
5200000.000000 0.000000 
5210000.000000 0.000000 
5220000.000000 0.000000 
5230000.000000 0.000000 
5240000.000000 0.000000 
5250000.000000 0.000000 
5260000.000000 0.000000 
5270000.000000 0.000000 
5280000.000000 0.000000 
5290000.000000 0.000000 
5300000.000000 0.000000 
5310000.000000 0.000000 
5320000.000000 0.000000 
5330000.000000 0.000000 
5340000.000000 0.000000 
5350000.000000 0.000000 
5360000.000000 0.000000 
5370000.000000 0.000000 
5380000.000000 0.000000 
5390000.000000 0.000000 
5400000.000000 0.000000 
5410000.000000 0.000000 
5420000.000000 0.000000 
5430000.000000 0.000000 
5440000.000000 0.000000 
5450000.000000 0.000000 
5460000.000000 0.000000 
5470000.000000 0.000000 
5480000.000000 0.000000 
5490000.000000 0.000000 
5500000.000000 0.000000 
5510000.000000 0.000000 
5520000.000000 0.000000 
5530000.000000 0.000000 
5540000.000000 0.000000 
5550000.000000 0.000000 
5560000.000000 0.000000 
5570000.000000 0.000000 
5580000.000000 0.000000 
5590000.000000 0.000000 
5600000.000000 0.000000 
5610000.000000 0.000000 
5620000.000000 0.000000 
5630000.000000 0.000000 
5640000.000000 0.000000 
5650000.000000 0.000000 
5660000.000000 0.000000 
5670000.000000 0.000000 
5680000.000000 0.000000 
5690000.000000 0.000000 
5700000.000000 0.000000 
5710000.000000 0.000000 
5720000.000000 0.000000 
5730000.000000 0.000000 
5740000.000000 0.000000 
5750000.000000 0.000000 
5760000.000000 0.000000 
5770000.000000 0.000000 
5780000.000000 0.000000 
5790000.000000 0.000000 
5800000.000000 0.000000 
5810000.000000 0.000000 
5820000.000000 0.000000 
5830000.000000 0.000000 
5840000.000000 0.000000 
5850000.000000 0.000000 
5860000.000000 0.000000 
5870000.000000 0.000000 
5880000.000000 0.000000 
5890000.000000 0.000000 
5900000.000000 0.000000 
5910000.000000 0.000000 
5920000.000000 0.000000 
5930000.000000 0.000000 
5940000.000000 0.000000 
5950000.000000 0.000000 
5960000.000000 0.000000 
5970000.000000 0.000000 
5980000.000000 0.000000 
5990000.000000 0.000000 
6000000.000000 0.000000 
6010000.000000 0.000000 
6020000.000000 0.000000 
6030000.000000 0.000000 
6040000.000000 0.000000 
6050000.000000 0.000000 
6060000.000000 0.000000 
6070000.000000 0.000000 
6080000.000000 0.000000 
6090000.000000 0.000000 
6100000.000000 0.000000 
6110000.000000 0.000000 
6120000.000000 0.000000 
6130000.000000 0.000000 
6140000.000000 0.000000 
6150000.000000 0.000000 
6160000.000000 0.000000 
6170000.000000 0.000000 
6180000.000000 0.000000 
6190000.000000 0.000000 
6200000.000000 0.000000 
6210000.000000 0.000000 
6220000.000000 0.000000 
6230000.000000 0.000000 
6240000.000000 0.000000 
6250000.000000 0.000000 
6260000.000000 0.000000 
6270000.000000 0.000000 
6280000.000000 0.000000 
6290000.000000 0.000000 
6300000.000000 0.000000 
6310000.000000 0.000000 
6320000.000000 0.000000 
6330000.000000 0.000000 
6340000.000000 0.000000 
6350000.000000 0.000000 
6360000.000000 0.000000 
6370000.000000 0.000000 
6380000.000000 0.000000 
6390000.000000 0.000000 
6400000.000000 0.000000 
6410000.000000 0.000000 
6420000.000000 0.000000 
6430000.000000 0.000000 
6440000.000000 0.000000 
6450000.000000 0.000000 
6460000.000000 0.000000 
6470000.000000 0.000000 
6480000.000000 0.000000 
6490000.000000 0.000000 
6500000.000000 0.000000 
6510000.000000 0.000000 
6520000.000000 0.000000 
6530000.000000 0.000000 
6540000.000000 0.000000 
6550000.000000 0.000000 
6560000.000000 0.000000 
6570000.000000 0.000000 
6580000.000000 0.000000 
6590000.000000 0.000000 
6600000.000000 0.000000 
6610000.000000 0.000000 
6620000.000000 0.000000 
6630000.000000 0.000000 
6640000.000000 0.000000 
6650000.000000 0.000000 
6660000.000000 0.000000 
6670000.000000 0.000000 
6680000.000000 0.000000 
6690000.000000 0.000000 
6700000.000000 0.000000 
6710000.000000 0.000000 
6720000.000000 0.000000 
6730000.000000 0.000000 
6740000.000000 0.000000 
6750000.000000 0.000000 
6760000.000000 0.000000 
6770000.000000 0.000000 
6780000.000000 0.000000 
6790000.000000 0.000000 
6800000.000000 0.000000 
6810000.000000 0.000000 
6820000.000000 0.000000 
6830000.000000 0.000000 
6840000.000000 0.000000 
6850000.000000 0.000000 
6860000.000000 0.000000 
6870000.000000 0.000000 
6880000.000000 0.000000 
6890000.000000 0.000000 
6900000.000000 0.000000 
6910000.000000 0.000000 
6920000.000000 0.000000 
6930000.000000 0.000000 
6940000.000000 0.000000 
6950000.000000 0.000000 
6960000.000000 0.000000 
6970000.000000 0.000000 
6980000.000000 0.000000 
6990000.000000 0.000000 
7000000.000000 0.000000 
7010000.000000 0.000000 
7020000.000000 0.000000 
7030000.000000 0.000000 
7040000.000000 0.000000 
7050000.000000 0.000000 
7060000.000000 0.000000 
7070000.000000 0.000000 
7080000.000000 0.000000 
7090000.000000 0.000000 
7100000.000000 0.000000 
7110000.000000 0.000000 
7120000.000000 0.000000 
7130000.000000 0.000000 
7140000.000000 0.000000 
7150000.000000 0.000000 
7160000.000000 0.000000 
7170000.000000 0.000000 
7180000.000000 0.000000 
7190000.000000 0.000000 
7200000.000000 0.000000 
7210000.000000 0.000000 
7220000.000000 0.000000 
7230000.000000 0.000000 
7240000.000000 0.000000 
7250000.000000 0.000000 
7260000.000000 0.000000 
7270000.000000 0.000000 
7280000.000000 0.000000 
7290000.000000 0.000000 
7300000.000000 0.000000 
7310000.000000 0.000000 
7320000.000000 0.000000 
7330000.000000 0.000000 
7340000.000000 0.000000 
7350000.000000 0.000000 
7360000.000000 0.000000 
7370000.000000 0.000000 
7380000.000000 0.000000 
7390000.000000 0.000000 
7400000.000000 0.000000 
7410000.000000 0.000000 
7420000.000000 0.000000 
7430000.000000 0.000000 
7440000.000000 0.000000 
7450000.000000 0.000000 
7460000.000000 0.000000 
7470000.000000 0.000000 
7480000.000000 0.000000 
7490000.000000 0.000000 
7500000.000000 0.000000 
7510000.000000 0.000000 
7520000.000000 0.000000 
7530000.000000 0.000000 
7540000.000000 0.000000 
7550000.000000 0.000000 
7560000.000000 0.000000 
7570000.000000 0.000000 
7580000.000000 0.000000 
7590000.000000 0.000000 
7600000.000000 0.000000 
7610000.000000 0.000000 
7620000.000000 0.000000 
7630000.000000 0.000000 
7640000.000000 0.000000 
7650000.000000 0.000000 
7660000.000000 0.000000 
7670000.000000 0.000000 
7680000.000000 0.000000 
7690000.000000 0.000000 
7700000.000000 0.000000 
7710000.000000 0.000000 
7720000.000000 0.000000 
7730000.000000 0.000000 
7740000.000000 0.000000 
7750000.000000 0.000000 
7760000.000000 0.000000 
7770000.000000 0.000000 
7780000.000000 0.000000 
7790000.000000 0.000000 
7800000.000000 0.000000 
7810000.000000 0.000000 
7820000.000000 0.000000 
7830000.000000 0.000000 
7840000.000000 0.000000 
7850000.000000 0.000000 
7860000.000000 0.000000 
7870000.000000 0.000000 
7880000.000000 0.000000 
7890000.000000 0.000000 
7900000.000000 0.000000 
7910000.000000 0.000000 
7920000.000000 0.000000 
7930000.000000 0.000000 
7940000.000000 0.000000 
7950000.000000 0.000000 
7960000.000000 0.000000 
7970000.000000 0.000000 
7980000.000000 0.000000 
7990000.000000 0.000000 
8000000.000000 0.000000 
8010000.000000 0.000000 
8020000.000000 0.000000 
8030000.000000 0.000000 
8040000.000000 0.000000 
8050000.000000 0.000000 
8060000.000000 0.000000 
8070000.000000 0.000000 
8080000.000000 0.000000 
8090000.000000 0.000000 
8100000.000000 0.000000 
8110000.000000 0.000000 
8120000.000000 0.000000 
8130000.000000 0.000000 
8140000.000000 0.000000 
8150000.000000 0.000000 
8160000.000000 0.000000 
8170000.000000 0.000000 
8180000.000000 0.000000 
8190000.000000 0.000000 
8200000.000000 0.000000 
8210000.000000 0.000000 
8220000.000000 0.000000 
8230000.000000 0.000000 
8240000.000000 0.000000 
8250000.000000 0.000000 
8260000.000000 0.000000 
8270000.000000 0.000000 
8280000.000000 0.000000 
8290000.000000 0.000000 
8300000.000000 0.000000 
8310000.000000 0.000000 
8320000.000000 0.000000 
8330000.000000 0.000000 
8340000.000000 0.000000 
8350000.000000 0.000000 
8360000.000000 0.000000 
8370000.000000 0.000000 
8380000.000000 0.000000 
8390000.000000 0.000000 
8400000.000000 0.000000 
8410000.000000 0.000000 
8420000.000000 0.000000 
8430000.000000 0.000000 
8440000.000000 0.000000 
8450000.000000 0.000000 
8460000.000000 0.000000 
8470000.000000 0.000000 
8480000.000000 0.000000 
8490000.000000 0.000000 
8500000.000000 0.000000 
8510000.000000 0.000000 
8520000.000000 0.000000 
8530000.000000 0.000000 
8540000.000000 0.000000 
8550000.000000 0.000000 
8560000.000000 0.000000 
8570000.000000 0.000000 
8580000.000000 0.000000 
8590000.000000 0.000000 
8600000.000000 0.000000 
8610000.000000 0.000000 
8620000.000000 0.000000 
8630000.000000 0.000000 
8640000.000000 0.000000 
8650000.000000 0.000000 
8660000.000000 0.000000 
8670000.000000 0.000000 
8680000.000000 0.000000 
8690000.000000 0.000000 
8700000.000000 0.000000 
8710000.000000 0.000000 
8720000.000000 0.000000 
8730000.000000 0.000000 
8740000.000000 0.000000 
8750000.000000 0.000000 
8760000.000000 0.000000 
8770000.000000 0.000000 
8780000.000000 0.000000 
8790000.000000 0.000000 
8800000.000000 0.000000 
8810000.000000 0.000000 
8820000.000000 0.000000 
8830000.000000 0.000000 
8840000.000000 0.000000 
8850000.000000 0.000000 
8860000.000000 0.000000 
8870000.000000 0.000000 
8880000.000000 0.000000 
8890000.000000 0.000000 
8900000.000000 0.000000 
8910000.000000 0.000000 
8920000.000000 0.000000 
8930000.000000 0.000000 
8940000.000000 0.000000 
8950000.000000 0.000000 
8960000.000000 0.000000 
8970000.000000 0.000000 
8980000.000000 0.000000 
8990000.000000 0.000000 
9000000.000000 0.000000 
9010000.000000 0.000000 
9020000.000000 0.000000 
9030000.000000 0.000000 
9040000.000000 0.000000 
9050000.000000 0.000000 
9060000.000000 0.000000 
9070000.000000 0.000000 
9080000.000000 0.000000 
9090000.000000 0.000000 
9100000.000000 0.000000 
9110000.000000 0.000000 
9120000.000000 0.000000 
9130000.000000 0.000000 
9140000.000000 0.000000 
9150000.000000 0.000000 
9160000.000000 0.000000 
9170000.000000 0.000000 
9180000.000000 0.000000 
9190000.000000 0.000000 
9200000.000000 0.000000 
9210000.000000 0.000000 
9220000.000000 0.000000 
9230000.000000 0.000000 
9240000.000000 0.000000 
9250000.000000 0.000000 
9260000.000000 0.000000 
9270000.000000 0.000000 
9280000.000000 0.000000 
9290000.000000 0.000000 
9300000.000000 0.000000 
9310000.000000 0.000000 
9320000.000000 0.000000 
9330000.000000 0.000000 
9340000.000000 0.000000 
9350000.000000 0.000000 
9360000.000000 0.000000 
9370000.000000 0.000000 
9380000.000000 0.000000 
9390000.000000 0.000000 
9400000.000000 0.000000 
9410000.000000 0.000000 
9420000.000000 0.000000 
9430000.000000 0.000000 
9440000.000000 0.000000 
9450000.000000 0.000000 
9460000.000000 0.000000 
9470000.000000 0.000000 
9480000.000000 0.000000 
9490000.000000 0.000000 
9500000.000000 0.000000 
9510000.000000 0.000000 
9520000.000000 0.000000 
9530000.000000 0.000000 
9540000.000000 0.000000 
9550000.000000 0.000000 
9560000.000000 0.000000 
9570000.000000 0.000000 
9580000.000000 0.000000 
9590000.000000 0.000000 
9600000.000000 0.000000 
9610000.000000 0.000000 
9620000.000000 0.000000 
9630000.000000 0.000000 
9640000.000000 0.000000 
9650000.000000 0.000000 
9660000.000000 0.000000 
9670000.000000 0.000000 
9680000.000000 0.000000 
9690000.000000 0.000000 
9700000.000000 0.000000 
9710000.000000 0.000000 
9720000.000000 0.000000 
9730000.000000 0.000000 
9740000.000000 0.000000 
9750000.000000 0.000000 
9760000.000000 0.000000 
9770000.000000 0.000000 
9780000.000000 0.000000 
9790000.000000 0.000000 
9800000.000000 0.000000 
9810000.000000 0.000000 
9820000.000000 0.000000 
9830000.000000 0.000000 
9840000.000000 0.000000 
9850000.000000 0.000000 
9860000.000000 0.000000 
9870000.000000 0.000000 
9880000.000000 0.000000 
9890000.000000 0.000000 
9900000.000000 0.000000 
9910000.000000 0.000000 
9920000.000000 0.000000 
9930000.000000 0.000000 
9940000.000000 0.000000 
9950000.000000 0.000000 
9960000.000000 0.000000 
9970000.000000 0.000000 
9980000.000000 0.000000 
9990000.000000 0.000000 
