0.000000 0.016800 
10000.000000 0.128800 
20000.000000 0.112000 
30000.000000 0.117600 
40000.000000 0.163200 
50000.000000 0.125600 
60000.000000 0.102400 
70000.000000 0.059200 
80000.000000 0.016000 
90000.000000 0.000000 
100000.000000 0.020800 
110000.000000 0.040800 
120000.000000 0.046400 
130000.000000 0.030400 
140000.000000 0.058400 
150000.000000 0.076000 
160000.000000 0.073600 
170000.000000 0.096000 
180000.000000 0.080000 
190000.000000 0.113600 
200000.000000 0.108800 
210000.000000 0.102400 
220000.000000 0.089600 
230000.000000 0.092000 
240000.000000 0.077600 
250000.000000 0.068800 
260000.000000 0.024800 
270000.000000 0.028000 
280000.000000 0.006400 
290000.000000 0.016800 
300000.000000 0.035200 
310000.000000 0.016800 
320000.000000 0.007200 
330000.000000 0.006400 
340000.000000 0.012800 
350000.000000 0.020000 
360000.000000 0.040800 
370000.000000 0.052800 
380000.000000 0.044800 
390000.000000 0.036800 
400000.000000 0.011200 
410000.000000 0.005600 
420000.000000 0.020800 
430000.000000 0.006400 
440000.000000 0.003200 
450000.000000 0.048800 
460000.000000 0.026400 
470000.000000 0.037600 
480000.000000 0.028000 
490000.000000 0.068800 
500000.000000 0.064800 
510000.000000 0.073600 
520000.000000 0.106400 
530000.000000 0.102400 
540000.000000 0.114400 
550000.000000 0.136000 
560000.000000 0.154400 
570000.000000 0.179200 
580000.000000 0.174400 
590000.000000 0.179200 
600000.000000 0.219200 
610000.000000 0.216800 
620000.000000 0.219200 
630000.000000 0.234400 
640000.000000 0.245600 
650000.000000 0.258400 
660000.000000 0.216800 
670000.000000 0.222400 
680000.000000 0.214400 
690000.000000 0.210400 
700000.000000 0.204000 
710000.000000 0.216800 
720000.000000 0.240000 
730000.000000 0.269600 
740000.000000 0.261600 
750000.000000 0.264800 
760000.000000 0.264800 
770000.000000 0.276000 
780000.000000 0.296000 
790000.000000 0.289600 
800000.000000 0.290400 
810000.000000 0.279200 
820000.000000 0.299200 
830000.000000 0.336000 
840000.000000 0.312800 
850000.000000 0.335200 
860000.000000 0.366400 
870000.000000 0.374400 
880000.000000 0.362400 
890000.000000 0.354400 
900000.000000 0.348800 
910000.000000 0.370400 
920000.000000 0.340800 
930000.000000 0.384000 
940000.000000 0.383200 
950000.000000 0.413600 
960000.000000 0.409600 
970000.000000 0.459200 
980000.000000 0.462400 
990000.000000 0.474400 
1000000.000000 0.480800 
1010000.000000 0.497600 
1020000.000000 0.532800 
1030000.000000 0.550400 
1040000.000000 0.538400 
1050000.000000 0.528000 
1060000.000000 0.536000 
1070000.000000 0.539200 
1080000.000000 0.538400 
1090000.000000 0.570400 
1100000.000000 0.554400 
1110000.000000 0.574400 
1120000.000000 0.582400 
1130000.000000 0.592800 
1140000.000000 0.621600 
1150000.000000 0.624000 
1160000.000000 0.616000 
1170000.000000 0.623200 
1180000.000000 0.646400 
1190000.000000 0.659200 
1200000.000000 0.668800 
1210000.000000 0.695200 
1220000.000000 0.685600 
1230000.000000 0.681600 
1240000.000000 0.696000 
1250000.000000 0.714400 
1260000.000000 0.723200 
1270000.000000 0.736000 
1280000.000000 0.732800 
1290000.000000 0.716000 
1300000.000000 0.724800 
1310000.000000 0.715200 
1320000.000000 0.725600 
1330000.000000 0.736800 
1340000.000000 0.748000 
1350000.000000 0.752000 
1360000.000000 0.763200 
1370000.000000 0.764000 
1380000.000000 0.794400 
1390000.000000 0.774400 
1400000.000000 0.776800 
1410000.000000 0.792800 
1420000.000000 0.789600 
1430000.000000 0.802400 
1440000.000000 0.812000 
1450000.000000 0.827200 
1460000.000000 0.817600 
1470000.000000 0.844800 
1480000.000000 0.856800 
1490000.000000 0.858400 
1500000.000000 0.888800 
1510000.000000 0.900800 
1520000.000000 0.911200 
1530000.000000 0.921600 
1540000.000000 0.921600 
1550000.000000 0.950400 
1560000.000000 0.967200 
1570000.000000 0.975200 
1580000.000000 0.984000 
1590000.000000 0.988800 
1600000.000000 0.990400 
1610000.000000 0.989600 
1620000.000000 0.988000 
1630000.000000 0.987200 
1640000.000000 0.994400 
1650000.000000 0.984800 
1660000.000000 0.986400 
1670000.000000 0.986400 
1680000.000000 0.988000 
1690000.000000 0.991200 
1700000.000000 0.984800 
1710000.000000 0.987200 
1720000.000000 0.989600 
1730000.000000 0.984000 
1740000.000000 0.986400 
1750000.000000 0.992800 
1760000.000000 0.984800 
1770000.000000 0.989600 
1780000.000000 0.987200 
1790000.000000 0.993600 
1800000.000000 0.989600 
1810000.000000 0.988800 
1820000.000000 0.988000 
1830000.000000 0.984800 
1840000.000000 0.988800 
1850000.000000 0.988800 
1860000.000000 0.989600 
1870000.000000 0.989600 
1880000.000000 0.988000 
1890000.000000 0.988000 
1900000.000000 0.988000 
1910000.000000 0.984800 
1920000.000000 0.988000 
1930000.000000 0.984000 
1940000.000000 0.985600 
1950000.000000 0.985600 
1960000.000000 0.987200 
1970000.000000 0.985600 
1980000.000000 0.976800 
1990000.000000 0.984000 
2000000.000000 0.979200 
2010000.000000 0.994400 
2020000.000000 0.988800 
2030000.000000 0.990400 
2040000.000000 0.987200 
2050000.000000 0.986400 
2060000.000000 0.984800 
2070000.000000 0.981600 
2080000.000000 0.983200 
2090000.000000 0.990400 
2100000.000000 0.983200 
2110000.000000 0.982400 
2120000.000000 0.980000 
2130000.000000 0.985600 
2140000.000000 0.983200 
2150000.000000 0.983200 
2160000.000000 0.983200 
2170000.000000 0.986400 
2180000.000000 0.984800 
2190000.000000 0.984000 
2200000.000000 0.988000 
2210000.000000 0.984000 
2220000.000000 0.991200 
2230000.000000 0.988800 
2240000.000000 0.991200 
2250000.000000 0.984800 
2260000.000000 0.986400 
2270000.000000 0.988000 
2280000.000000 0.994400 
2290000.000000 0.980800 
2300000.000000 0.984000 
2310000.000000 0.990400 
2320000.000000 0.985600 
2330000.000000 0.988000 
2340000.000000 0.985600 
2350000.000000 0.988000 
2360000.000000 0.985600 
2370000.000000 0.985600 
2380000.000000 0.984000 
2390000.000000 0.983200 
2400000.000000 0.984000 
2410000.000000 0.992800 
2420000.000000 0.991200 
2430000.000000 0.992800 
2440000.000000 0.988800 
2450000.000000 0.988000 
2460000.000000 0.989600 
2470000.000000 0.992800 
2480000.000000 0.988000 
2490000.000000 0.990400 
2500000.000000 0.980800 
2510000.000000 0.987200 
2520000.000000 0.981600 
2530000.000000 0.988800 
2540000.000000 0.988000 
2550000.000000 0.981600 
2560000.000000 0.990400 
2570000.000000 0.987200 
2580000.000000 0.987200 
2590000.000000 0.990400 
2600000.000000 0.991200 
2610000.000000 0.988000 
2620000.000000 0.987200 
2630000.000000 0.983200 
2640000.000000 0.989600 
2650000.000000 0.987200 
2660000.000000 0.989600 
2670000.000000 0.985600 
2680000.000000 0.977600 
2690000.000000 0.981600 
2700000.000000 0.996800 
2710000.000000 0.985600 
2720000.000000 0.984000 
2730000.000000 0.980800 
2740000.000000 0.983200 
2750000.000000 0.989600 
2760000.000000 0.986400 
2770000.000000 0.984800 
2780000.000000 0.988000 
2790000.000000 0.985600 
2800000.000000 0.984000 
2810000.000000 0.992800 
2820000.000000 0.992800 
2830000.000000 0.988800 
2840000.000000 0.986400 
2850000.000000 0.986400 
2860000.000000 0.988000 
2870000.000000 0.988000 
2880000.000000 0.985600 
2890000.000000 0.987200 
2900000.000000 0.986400 
2910000.000000 0.985600 
2920000.000000 0.988000 
2930000.000000 0.986400 
2940000.000000 0.984800 
2950000.000000 0.988800 
2960000.000000 0.992000 
2970000.000000 0.988000 
2980000.000000 0.990400 
2990000.000000 0.984000 
3000000.000000 0.989600 
3010000.000000 0.985600 
3020000.000000 0.981600 
3030000.000000 0.983200 
3040000.000000 0.990400 
3050000.000000 0.994400 
3060000.000000 0.995200 
3070000.000000 0.979200 
3080000.000000 0.988000 
3090000.000000 0.991200 
3100000.000000 0.992000 
3110000.000000 0.984800 
3120000.000000 0.984000 
3130000.000000 0.985600 
3140000.000000 0.984000 
3150000.000000 0.992800 
3160000.000000 0.981600 
3170000.000000 0.986400 
3180000.000000 0.984800 
3190000.000000 0.983200 
3200000.000000 0.984000 
3210000.000000 0.990400 
3220000.000000 0.990400 
3230000.000000 0.988800 
3240000.000000 0.983200 
3250000.000000 0.992800 
3260000.000000 0.989600 
3270000.000000 0.990400 
3280000.000000 0.991200 
3290000.000000 0.992000 
3300000.000000 0.991200 
3310000.000000 0.990400 
3320000.000000 0.984000 
3330000.000000 0.992000 
3340000.000000 0.994400 
3350000.000000 0.988000 
3360000.000000 0.986400 
3370000.000000 0.985600 
3380000.000000 0.988800 
3390000.000000 0.985600 
3400000.000000 0.985600 
3410000.000000 0.983200 
3420000.000000 0.985600 
3430000.000000 0.992000 
3440000.000000 0.987200 
3450000.000000 0.987200 
3460000.000000 0.986400 
3470000.000000 0.989600 
3480000.000000 0.980800 
3490000.000000 0.983200 
3500000.000000 0.977600 
3510000.000000 0.985600 
3520000.000000 0.983200 
3530000.000000 0.992000 
3540000.000000 0.984000 
3550000.000000 0.979200 
3560000.000000 0.989600 
3570000.000000 0.989600 
3580000.000000 0.983200 
3590000.000000 0.989600 
3600000.000000 0.988000 
3610000.000000 0.991200 
3620000.000000 0.984800 
3630000.000000 0.980800 
3640000.000000 0.983200 
3650000.000000 0.984800 
3660000.000000 0.986400 
3670000.000000 0.982400 
3680000.000000 0.984000 
3690000.000000 0.982400 
3700000.000000 0.983200 
3710000.000000 0.986400 
3720000.000000 0.987200 
3730000.000000 0.983200 
3740000.000000 0.987200 
3750000.000000 0.988000 
3760000.000000 0.978400 
3770000.000000 0.982400 
3780000.000000 0.991200 
3790000.000000 0.984800 
3800000.000000 0.984800 
3810000.000000 0.987200 
3820000.000000 0.983200 
3830000.000000 0.985600 
3840000.000000 0.987200 
3850000.000000 0.986400 
3860000.000000 0.976000 
3870000.000000 0.984000 
3880000.000000 0.983200 
3890000.000000 0.984000 
3900000.000000 0.984000 
3910000.000000 0.991200 
3920000.000000 0.981600 
3930000.000000 0.984800 
3940000.000000 0.983200 
3950000.000000 0.984800 
3960000.000000 0.986400 
3970000.000000 0.988000 
3980000.000000 0.991200 
3990000.000000 0.991200 
4000000.000000 0.989600 
4010000.000000 0.986400 
4020000.000000 0.990400 
4030000.000000 0.987200 
4040000.000000 0.988800 
4050000.000000 0.981600 
4060000.000000 0.984000 
4070000.000000 0.983200 
4080000.000000 0.987200 
4090000.000000 0.986400 
4100000.000000 0.993600 
4110000.000000 0.992000 
4120000.000000 0.986400 
4130000.000000 0.991200 
4140000.000000 0.987200 
4150000.000000 0.992800 
4160000.000000 0.987200 
4170000.000000 0.987200 
4180000.000000 0.986400 
4190000.000000 0.980000 
4200000.000000 0.984000 
4210000.000000 0.982400 
4220000.000000 0.988800 
4230000.000000 0.990400 
4240000.000000 0.984800 
4250000.000000 0.984800 
4260000.000000 0.982400 
4270000.000000 0.987200 
4280000.000000 0.984000 
4290000.000000 0.984800 
4300000.000000 0.984800 
4310000.000000 0.990400 
4320000.000000 0.992800 
4330000.000000 0.987200 
4340000.000000 0.982400 
4350000.000000 0.988000 
4360000.000000 0.982400 
4370000.000000 0.987200 
4380000.000000 0.980000 
4390000.000000 0.983200 
4400000.000000 0.987200 
4410000.000000 0.983200 
4420000.000000 0.988800 
4430000.000000 0.988000 
4440000.000000 0.990400 
4450000.000000 0.980800 
4460000.000000 0.988000 
4470000.000000 0.986400 
4480000.000000 0.988800 
4490000.000000 0.988000 
4500000.000000 0.990400 
4510000.000000 0.984800 
4520000.000000 0.986400 
4530000.000000 0.988000 
4540000.000000 0.984000 
4550000.000000 0.986400 
4560000.000000 0.991200 
4570000.000000 0.989600 
4580000.000000 0.990400 
4590000.000000 0.987200 
4600000.000000 0.986400 
4610000.000000 0.991200 
4620000.000000 0.981600 
4630000.000000 0.987200 
4640000.000000 0.990400 
4650000.000000 0.983200 
4660000.000000 0.980000 
4670000.000000 0.990400 
4680000.000000 0.987200 
4690000.000000 0.980000 
4700000.000000 0.985600 
4710000.000000 0.980000 
4720000.000000 0.987200 
4730000.000000 0.986400 
4740000.000000 0.988000 
4750000.000000 0.984800 
4760000.000000 0.980000 
4770000.000000 0.987200 
4780000.000000 0.988800 
4790000.000000 0.987200 
4800000.000000 0.987200 
4810000.000000 0.984000 
4820000.000000 0.987200 
4830000.000000 0.983200 
4840000.000000 0.983200 
4850000.000000 0.988000 
4860000.000000 0.985600 
4870000.000000 0.988000 
4880000.000000 0.988800 
4890000.000000 0.988000 
4900000.000000 0.991200 
4910000.000000 0.980000 
4920000.000000 0.988000 
4930000.000000 0.987200 
4940000.000000 0.980000 
4950000.000000 0.987200 
4960000.000000 0.990400 
4970000.000000 0.988000 
4980000.000000 0.988000 
4990000.000000 0.992800 
5000000.000000 0.985600 
5010000.000000 0.984800 
5020000.000000 0.980000 
5030000.000000 0.988800 
5040000.000000 0.982400 
5050000.000000 0.990400 
5060000.000000 0.982400 
5070000.000000 0.990400 
5080000.000000 0.992800 
5090000.000000 0.992000 
5100000.000000 0.980800 
5110000.000000 0.990400 
5120000.000000 0.983200 
5130000.000000 0.988000 
5140000.000000 0.994400 
5150000.000000 0.989600 
5160000.000000 0.985600 
5170000.000000 0.990400 
5180000.000000 0.987200 
5190000.000000 0.991200 
5200000.000000 0.980800 
5210000.000000 0.988800 
5220000.000000 0.985600 
5230000.000000 0.980800 
5240000.000000 0.986400 
5250000.000000 0.982400 
5260000.000000 0.990400 
5270000.000000 0.984800 
5280000.000000 0.984000 
5290000.000000 0.977600 
5300000.000000 0.989600 
5310000.000000 0.987200 
5320000.000000 0.989600 
5330000.000000 0.981600 
5340000.000000 0.992800 
5350000.000000 0.985600 
5360000.000000 0.980800 
5370000.000000 0.989600 
5380000.000000 0.989600 
5390000.000000 0.992000 
5400000.000000 0.985600 
5410000.000000 0.987200 
5420000.000000 0.985600 
5430000.000000 0.988800 
5440000.000000 0.989600 
5450000.000000 0.988800 
5460000.000000 0.990400 
5470000.000000 0.985600 
5480000.000000 0.991200 
5490000.000000 0.989600 
5500000.000000 0.992800 
5510000.000000 0.990400 
5520000.000000 0.980800 
5530000.000000 0.987200 
5540000.000000 0.990400 
5550000.000000 0.989600 
5560000.000000 0.992000 
5570000.000000 0.991200 
5580000.000000 0.980000 
5590000.000000 0.986400 
5600000.000000 0.985600 
5610000.000000 0.985600 
5620000.000000 0.988000 
5630000.000000 0.991200 
5640000.000000 0.980000 
5650000.000000 0.985600 
5660000.000000 0.982400 
5670000.000000 0.984000 
5680000.000000 0.984000 
5690000.000000 0.982400 
5700000.000000 0.985600 
5710000.000000 0.988800 
5720000.000000 0.989600 
5730000.000000 0.988800 
5740000.000000 0.981600 
5750000.000000 0.992000 
5760000.000000 0.989600 
5770000.000000 0.987200 
5780000.000000 0.984000 
5790000.000000 0.986400 
5800000.000000 0.985600 
5810000.000000 0.979200 
5820000.000000 0.988000 
5830000.000000 0.981600 
5840000.000000 0.984800 
5850000.000000 0.988000 
5860000.000000 0.986400 
5870000.000000 0.976800 
5880000.000000 0.991200 
5890000.000000 0.988800 
5900000.000000 0.987200 
5910000.000000 0.985600 
5920000.000000 0.991200 
5930000.000000 0.986400 
5940000.000000 0.979200 
5950000.000000 0.988800 
5960000.000000 0.981600 
5970000.000000 0.989600 
5980000.000000 0.985600 
5990000.000000 0.980800 
6000000.000000 0.991200 
6010000.000000 0.990400 
6020000.000000 0.990400 
6030000.000000 0.984800 
6040000.000000 0.989600 
6050000.000000 0.982400 
6060000.000000 0.980800 
6070000.000000 0.971200 
6080000.000000 0.989600 
6090000.000000 0.987200 
6100000.000000 0.990400 
6110000.000000 0.989600 
6120000.000000 0.989600 
6130000.000000 0.980000 
6140000.000000 0.988800 
6150000.000000 0.986400 
6160000.000000 0.990400 
6170000.000000 0.984800 
6180000.000000 0.980000 
6190000.000000 0.992000 
6200000.000000 0.987200 
6210000.000000 0.973600 
6220000.000000 0.993600 
6230000.000000 0.993600 
6240000.000000 0.990400 
6250000.000000 0.992800 
6260000.000000 0.990400 
6270000.000000 0.992000 
6280000.000000 0.989600 
6290000.000000 0.983200 
6300000.000000 0.992000 
6310000.000000 0.988000 
6320000.000000 0.988800 
6330000.000000 0.985600 
6340000.000000 0.990400 
6350000.000000 0.977600 
6360000.000000 0.985600 
6370000.000000 0.994400 
6380000.000000 0.991200 
6390000.000000 0.991200 
6400000.000000 0.987200 
6410000.000000 0.987200 
6420000.000000 0.987200 
6430000.000000 0.990400 
6440000.000000 0.982400 
6450000.000000 0.980000 
6460000.000000 0.987200 
6470000.000000 0.988000 
6480000.000000 0.987200 
6490000.000000 0.984800 
6500000.000000 0.985600 
6510000.000000 0.989600 
6520000.000000 0.980800 
6530000.000000 0.982400 
6540000.000000 0.983200 
6550000.000000 0.984800 
6560000.000000 0.984000 
6570000.000000 0.984000 
6580000.000000 0.990400 
6590000.000000 0.988800 
6600000.000000 0.993600 
6610000.000000 0.985600 
6620000.000000 0.985600 
6630000.000000 0.984800 
6640000.000000 0.988000 
6650000.000000 0.984800 
6660000.000000 0.980800 
6670000.000000 0.982400 
6680000.000000 0.992800 
6690000.000000 0.995200 
6700000.000000 0.990400 
6710000.000000 0.988000 
6720000.000000 0.984000 
6730000.000000 0.979200 
6740000.000000 0.985600 
6750000.000000 0.989600 
6760000.000000 0.988800 
6770000.000000 0.990400 
6780000.000000 0.988000 
6790000.000000 0.989600 
6800000.000000 0.987200 
6810000.000000 0.992800 
6820000.000000 0.988000 
6830000.000000 0.987200 
6840000.000000 0.992000 
6850000.000000 0.980800 
6860000.000000 0.984000 
6870000.000000 0.986400 
6880000.000000 0.985600 
6890000.000000 0.988000 
6900000.000000 0.991200 
6910000.000000 0.984000 
6920000.000000 0.985600 
6930000.000000 0.988800 
6940000.000000 0.984000 
6950000.000000 0.986400 
6960000.000000 0.996000 
6970000.000000 0.986400 
6980000.000000 0.981600 
6990000.000000 0.988000 
7000000.000000 0.983200 
7010000.000000 0.974400 
7020000.000000 0.983200 
7030000.000000 0.987200 
7040000.000000 0.991200 
7050000.000000 0.986400 
7060000.000000 0.986400 
7070000.000000 0.985600 
7080000.000000 0.990400 
7090000.000000 0.982400 
7100000.000000 0.982400 
7110000.000000 0.988800 
7120000.000000 0.987200 
7130000.000000 0.990400 
7140000.000000 0.991200 
7150000.000000 0.985600 
7160000.000000 0.988000 
7170000.000000 0.988000 
7180000.000000 0.980800 
7190000.000000 0.980000 
7200000.000000 0.984800 
7210000.000000 0.993600 
7220000.000000 0.985600 
7230000.000000 0.987200 
7240000.000000 0.976000 
7250000.000000 0.984800 
7260000.000000 0.984000 
7270000.000000 0.978400 
7280000.000000 0.988800 
7290000.000000 0.985600 
7300000.000000 0.983200 
7310000.000000 0.992800 
7320000.000000 0.990400 
7330000.000000 0.987200 
7340000.000000 0.980800 
7350000.000000 0.984000 
7360000.000000 0.984800 
7370000.000000 0.981600 
7380000.000000 0.979200 
7390000.000000 0.980800 
7400000.000000 0.980800 
7410000.000000 0.984000 
7420000.000000 0.990400 
7430000.000000 0.980000 
7440000.000000 0.988800 
7450000.000000 0.990400 
7460000.000000 0.985600 
7470000.000000 0.987200 
7480000.000000 0.984000 
7490000.000000 0.981600 
7500000.000000 0.988800 
7510000.000000 0.983200 
7520000.000000 0.987200 
7530000.000000 0.987200 
7540000.000000 0.983200 
7550000.000000 0.986400 
7560000.000000 0.987200 
7570000.000000 0.987200 
7580000.000000 0.978400 
7590000.000000 0.982400 
7600000.000000 0.992000 
7610000.000000 0.992800 
7620000.000000 0.995200 
7630000.000000 0.992000 
7640000.000000 0.988000 
7650000.000000 0.984000 
7660000.000000 0.983200 
7670000.000000 0.981600 
7680000.000000 0.982400 
7690000.000000 0.981600 
7700000.000000 0.984800 
7710000.000000 0.987200 
7720000.000000 0.992800 
7730000.000000 0.991200 
7740000.000000 0.979200 
7750000.000000 0.985600 
7760000.000000 0.982400 
7770000.000000 0.971200 
7780000.000000 0.988000 
7790000.000000 0.988800 
7800000.000000 0.988000 
7810000.000000 0.991200 
7820000.000000 0.985600 
7830000.000000 0.988000 
7840000.000000 0.991200 
7850000.000000 0.987200 
7860000.000000 0.988000 
7870000.000000 0.983200 
7880000.000000 0.978400 
7890000.000000 0.987200 
7900000.000000 0.983200 
7910000.000000 0.986400 
7920000.000000 0.984000 
7930000.000000 0.980000 
7940000.000000 0.988800 
7950000.000000 0.988800 
7960000.000000 0.986400 
7970000.000000 0.985600 
7980000.000000 0.988800 
7990000.000000 0.987200 
8000000.000000 0.980800 
8010000.000000 0.981600 
8020000.000000 0.992000 
8030000.000000 0.988800 
8040000.000000 0.984000 
8050000.000000 0.987200 
8060000.000000 0.991200 
8070000.000000 0.991200 
8080000.000000 0.984000 
8090000.000000 0.985600 
8100000.000000 0.992800 
8110000.000000 0.984800 
8120000.000000 0.984000 
8130000.000000 0.984000 
8140000.000000 0.984000 
8150000.000000 0.983200 
8160000.000000 0.976000 
8170000.000000 0.985600 
8180000.000000 0.988800 
8190000.000000 0.985600 
8200000.000000 0.984000 
8210000.000000 0.988800 
8220000.000000 0.987200 
8230000.000000 0.985600 
8240000.000000 0.990400 
8250000.000000 0.992000 
8260000.000000 0.989600 
8270000.000000 0.984000 
8280000.000000 0.982400 
8290000.000000 0.989600 
8300000.000000 0.989600 
8310000.000000 0.984000 
8320000.000000 0.989600 
8330000.000000 0.982400 
8340000.000000 0.980000 
8350000.000000 0.990400 
8360000.000000 0.989600 
8370000.000000 0.987200 
8380000.000000 0.986400 
8390000.000000 0.985600 
8400000.000000 0.979200 
8410000.000000 0.982400 
8420000.000000 0.984800 
8430000.000000 0.987200 
8440000.000000 0.992800 
8450000.000000 0.988800 
8460000.000000 0.988800 
8470000.000000 0.990400 
8480000.000000 0.983200 
8490000.000000 0.996000 
8500000.000000 0.979200 
8510000.000000 0.978400 
8520000.000000 0.981600 
8530000.000000 0.987200 
8540000.000000 0.986400 
8550000.000000 0.991200 
8560000.000000 0.989600 
8570000.000000 0.994400 
8580000.000000 0.992000 
8590000.000000 0.986400 
8600000.000000 0.991200 
8610000.000000 0.992800 
8620000.000000 0.983200 
8630000.000000 0.988000 
8640000.000000 0.974400 
8650000.000000 0.993600 
8660000.000000 0.982400 
8670000.000000 0.988800 
8680000.000000 0.993600 
8690000.000000 0.988800 
8700000.000000 0.988000 
8710000.000000 0.987200 
8720000.000000 0.984000 
8730000.000000 0.984800 
8740000.000000 0.989600 
8750000.000000 0.991200 
8760000.000000 0.985600 
8770000.000000 0.986400 
8780000.000000 0.992000 
8790000.000000 0.984000 
8800000.000000 0.989600 
8810000.000000 0.994400 
8820000.000000 0.985600 
8830000.000000 0.988000 
8840000.000000 0.994400 
8850000.000000 0.988000 
8860000.000000 0.980800 
8870000.000000 0.990400 
8880000.000000 0.989600 
8890000.000000 0.992000 
8900000.000000 0.981600 
8910000.000000 0.981600 
8920000.000000 0.984800 
8930000.000000 0.987200 
8940000.000000 0.984800 
8950000.000000 0.984800 
8960000.000000 0.984000 
8970000.000000 0.992800 
8980000.000000 0.986400 
8990000.000000 0.988800 
9000000.000000 0.985600 
9010000.000000 0.982400 
9020000.000000 0.986400 
9030000.000000 0.988800 
9040000.000000 0.992000 
9050000.000000 0.982400 
9060000.000000 0.982400 
9070000.000000 0.989600 
9080000.000000 0.993600 
9090000.000000 0.984000 
9100000.000000 0.988000 
9110000.000000 0.987200 
9120000.000000 0.981600 
9130000.000000 0.988000 
9140000.000000 0.982400 
9150000.000000 0.979200 
9160000.000000 0.983200 
9170000.000000 0.990400 
9180000.000000 0.985600 
9190000.000000 0.984000 
9200000.000000 0.986400 
9210000.000000 0.987200 
9220000.000000 0.985600 
9230000.000000 0.988000 
9240000.000000 0.989600 
9250000.000000 0.990400 
9260000.000000 0.983200 
9270000.000000 0.987200 
9280000.000000 0.983200 
9290000.000000 0.992800 
9300000.000000 0.993600 
9310000.000000 0.980800 
9320000.000000 0.992000 
9330000.000000 0.988800 
9340000.000000 0.988000 
9350000.000000 0.982400 
9360000.000000 0.984800 
9370000.000000 0.978400 
9380000.000000 0.983200 
9390000.000000 0.985600 
9400000.000000 0.984800 
9410000.000000 0.981600 
9420000.000000 0.988800 
9430000.000000 0.988000 
9440000.000000 0.980800 
9450000.000000 0.981600 
9460000.000000 0.984000 
9470000.000000 0.977600 
9480000.000000 0.984800 
9490000.000000 0.984000 
9500000.000000 0.980800 
9510000.000000 0.981600 
9520000.000000 0.992800 
9530000.000000 0.984800 
9540000.000000 0.984000 
9550000.000000 0.991200 
9560000.000000 0.988800 
9570000.000000 0.983200 
9580000.000000 0.986400 
9590000.000000 0.989600 
9600000.000000 0.986400 
9610000.000000 0.981600 
9620000.000000 0.988000 
9630000.000000 0.980800 
9640000.000000 0.985600 
9650000.000000 0.980000 
9660000.000000 0.982400 
9670000.000000 0.984000 
9680000.000000 0.992000 
9690000.000000 0.989600 
9700000.000000 0.983200 
9710000.000000 0.985600 
9720000.000000 0.982400 
9730000.000000 0.988800 
9740000.000000 0.989600 
9750000.000000 0.985600 
9760000.000000 0.981600 
9770000.000000 0.985600 
9780000.000000 0.988800 
9790000.000000 0.995200 
9800000.000000 0.992000 
9810000.000000 0.986400 
9820000.000000 0.992000 
9830000.000000 0.988800 
9840000.000000 0.986400 
9850000.000000 0.984000 
9860000.000000 0.985600 
9870000.000000 0.982400 
9880000.000000 0.987200 
9890000.000000 0.987200 
9900000.000000 0.988800 
9910000.000000 0.993600 
9920000.000000 0.994400 
9930000.000000 0.992800 
9940000.000000 0.988800 
9950000.000000 0.993600 
9960000.000000 0.990400 
9970000.000000 0.982400 
9980000.000000 0.988000 
9990000.000000 0.993600 
