0.000000 0.024800 
10000.000000 0.004800 
20000.000000 0.023200 
30000.000000 0.048000 
40000.000000 0.104800 
50000.000000 0.116000 
60000.000000 0.148000 
70000.000000 0.203200 
80000.000000 0.200800 
90000.000000 0.217600 
100000.000000 0.284800 
110000.000000 0.339200 
120000.000000 0.357600 
130000.000000 0.419200 
140000.000000 0.460800 
150000.000000 0.506400 
160000.000000 0.520800 
170000.000000 0.632000 
180000.000000 0.628800 
190000.000000 0.628000 
200000.000000 0.641600 
210000.000000 0.692000 
220000.000000 0.728800 
230000.000000 0.769600 
240000.000000 0.763200 
250000.000000 0.801600 
260000.000000 0.791200 
270000.000000 0.842400 
280000.000000 0.844800 
290000.000000 0.880800 
300000.000000 0.912000 
310000.000000 0.906400 
320000.000000 0.886400 
330000.000000 0.876800 
340000.000000 0.892000 
350000.000000 0.907200 
360000.000000 0.901600 
370000.000000 0.904000 
380000.000000 0.900000 
390000.000000 0.894400 
400000.000000 0.910400 
410000.000000 0.889600 
420000.000000 0.889600 
430000.000000 0.886400 
440000.000000 0.906400 
450000.000000 0.913600 
460000.000000 0.897600 
470000.000000 0.898400 
480000.000000 0.912000 
490000.000000 0.909600 
500000.000000 0.909600 
510000.000000 0.938400 
520000.000000 0.908800 
530000.000000 0.920000 
540000.000000 0.911200 
550000.000000 0.917600 
560000.000000 0.933600 
570000.000000 0.936800 
580000.000000 0.916000 
590000.000000 0.908000 
600000.000000 0.910400 
610000.000000 0.924800 
620000.000000 0.919200 
630000.000000 0.940800 
640000.000000 0.905600 
650000.000000 0.866400 
660000.000000 0.883200 
670000.000000 0.905600 
680000.000000 0.923200 
690000.000000 0.941600 
700000.000000 0.911200 
710000.000000 0.889600 
720000.000000 0.924800 
730000.000000 0.926400 
740000.000000 0.924800 
750000.000000 0.913600 
760000.000000 0.925600 
770000.000000 0.898400 
780000.000000 0.904000 
790000.000000 0.881600 
800000.000000 0.913600 
810000.000000 0.918400 
820000.000000 0.922400 
830000.000000 0.888800 
840000.000000 0.891200 
850000.000000 0.875200 
860000.000000 0.872000 
870000.000000 0.896800 
880000.000000 0.908800 
890000.000000 0.907200 
900000.000000 0.928000 
910000.000000 0.919200 
920000.000000 0.923200 
930000.000000 0.939200 
940000.000000 0.934400 
950000.000000 0.921600 
960000.000000 0.900000 
970000.000000 0.917600 
980000.000000 0.887200 
990000.000000 0.880000 
1000000.000000 0.864000 
1010000.000000 0.889600 
1020000.000000 0.876000 
1030000.000000 0.883200 
1040000.000000 0.904800 
1050000.000000 0.877600 
1060000.000000 0.904000 
1070000.000000 0.921600 
1080000.000000 0.929600 
1090000.000000 0.920800 
1100000.000000 0.920000 
1110000.000000 0.914400 
1120000.000000 0.883200 
1130000.000000 0.920000 
1140000.000000 0.925600 
1150000.000000 0.897600 
1160000.000000 0.880000 
1170000.000000 0.913600 
1180000.000000 0.916000 
1190000.000000 0.910400 
1200000.000000 0.916800 
1210000.000000 0.898400 
1220000.000000 0.898400 
1230000.000000 0.886400 
1240000.000000 0.896000 
1250000.000000 0.898400 
1260000.000000 0.888000 
1270000.000000 0.908800 
1280000.000000 0.922400 
1290000.000000 0.903200 
1300000.000000 0.916000 
1310000.000000 0.925600 
1320000.000000 0.912800 
1330000.000000 0.944000 
1340000.000000 0.923200 
1350000.000000 0.923200 
1360000.000000 0.924000 
1370000.000000 0.932800 
1380000.000000 0.932800 
1390000.000000 0.931200 
1400000.000000 0.908000 
1410000.000000 0.912000 
1420000.000000 0.909600 
1430000.000000 0.906400 
1440000.000000 0.907200 
1450000.000000 0.916000 
1460000.000000 0.895200 
1470000.000000 0.921600 
1480000.000000 0.931200 
1490000.000000 0.928000 
1500000.000000 0.932800 
1510000.000000 0.923200 
1520000.000000 0.924000 
1530000.000000 0.928800 
1540000.000000 0.912800 
1550000.000000 0.940000 
1560000.000000 0.940800 
1570000.000000 0.953600 
1580000.000000 0.920000 
1590000.000000 0.917600 
1600000.000000 0.908000 
1610000.000000 0.903200 
1620000.000000 0.883200 
1630000.000000 0.901600 
1640000.000000 0.898400 
1650000.000000 0.907200 
1660000.000000 0.915200 
1670000.000000 0.916000 
1680000.000000 0.884800 
1690000.000000 0.886400 
1700000.000000 0.864000 
1710000.000000 0.894400 
1720000.000000 0.908800 
1730000.000000 0.877600 
1740000.000000 0.880000 
1750000.000000 0.912800 
1760000.000000 0.901600 
1770000.000000 0.874400 
1780000.000000 0.904800 
1790000.000000 0.905600 
1800000.000000 0.894400 
1810000.000000 0.932800 
1820000.000000 0.910400 
1830000.000000 0.915200 
1840000.000000 0.884800 
1850000.000000 0.892800 
1860000.000000 0.868000 
1870000.000000 0.913600 
1880000.000000 0.922400 
1890000.000000 0.925600 
1900000.000000 0.909600 
1910000.000000 0.908800 
1920000.000000 0.908800 
1930000.000000 0.913600 
1940000.000000 0.903200 
1950000.000000 0.914400 
1960000.000000 0.914400 
1970000.000000 0.908800 
1980000.000000 0.904800 
1990000.000000 0.930400 
2000000.000000 0.909600 
2010000.000000 0.916800 
2020000.000000 0.935200 
2030000.000000 0.913600 
2040000.000000 0.904000 
2050000.000000 0.900000 
2060000.000000 0.916800 
2070000.000000 0.908000 
2080000.000000 0.928000 
2090000.000000 0.922400 
2100000.000000 0.916800 
2110000.000000 0.884000 
2120000.000000 0.884800 
2130000.000000 0.895200 
2140000.000000 0.912000 
2150000.000000 0.916800 
2160000.000000 0.895200 
2170000.000000 0.932800 
2180000.000000 0.912000 
2190000.000000 0.922400 
2200000.000000 0.897600 
2210000.000000 0.910400 
2220000.000000 0.929600 
2230000.000000 0.920800 
2240000.000000 0.909600 
2250000.000000 0.924000 
2260000.000000 0.925600 
2270000.000000 0.940000 
2280000.000000 0.924000 
2290000.000000 0.932000 
2300000.000000 0.924000 
2310000.000000 0.921600 
2320000.000000 0.920800 
2330000.000000 0.918400 
2340000.000000 0.912800 
2350000.000000 0.912000 
2360000.000000 0.908000 
2370000.000000 0.910400 
2380000.000000 0.900800 
2390000.000000 0.921600 
2400000.000000 0.894400 
2410000.000000 0.896800 
2420000.000000 0.905600 
2430000.000000 0.928800 
2440000.000000 0.912000 
2450000.000000 0.909600 
2460000.000000 0.895200 
2470000.000000 0.917600 
2480000.000000 0.932800 
2490000.000000 0.939200 
2500000.000000 0.927200 
2510000.000000 0.935200 
2520000.000000 0.931200 
2530000.000000 0.944000 
2540000.000000 0.920800 
2550000.000000 0.896800 
2560000.000000 0.918400 
2570000.000000 0.897600 
2580000.000000 0.897600 
2590000.000000 0.922400 
2600000.000000 0.934400 
2610000.000000 0.944800 
2620000.000000 0.948000 
2630000.000000 0.933600 
2640000.000000 0.901600 
2650000.000000 0.918400 
2660000.000000 0.925600 
2670000.000000 0.921600 
2680000.000000 0.907200 
2690000.000000 0.915200 
2700000.000000 0.929600 
2710000.000000 0.918400 
2720000.000000 0.909600 
2730000.000000 0.907200 
2740000.000000 0.900000 
2750000.000000 0.915200 
2760000.000000 0.916000 
2770000.000000 0.917600 
2780000.000000 0.901600 
2790000.000000 0.918400 
2800000.000000 0.904800 
2810000.000000 0.899200 
2820000.000000 0.932800 
2830000.000000 0.922400 
2840000.000000 0.890400 
2850000.000000 0.912800 
2860000.000000 0.928000 
2870000.000000 0.902400 
2880000.000000 0.931200 
2890000.000000 0.910400 
2900000.000000 0.914400 
2910000.000000 0.903200 
2920000.000000 0.909600 
2930000.000000 0.916000 
2940000.000000 0.902400 
2950000.000000 0.908000 
2960000.000000 0.913600 
2970000.000000 0.920800 
2980000.000000 0.924000 
2990000.000000 0.928000 
3000000.000000 0.920000 
3010000.000000 0.931200 
3020000.000000 0.924000 
3030000.000000 0.900000 
3040000.000000 0.889600 
3050000.000000 0.920000 
3060000.000000 0.914400 
3070000.000000 0.904000 
3080000.000000 0.901600 
3090000.000000 0.885600 
3100000.000000 0.882400 
3110000.000000 0.896000 
3120000.000000 0.898400 
3130000.000000 0.906400 
3140000.000000 0.904800 
3150000.000000 0.904800 
3160000.000000 0.922400 
3170000.000000 0.907200 
3180000.000000 0.896000 
3190000.000000 0.904000 
3200000.000000 0.924800 
3210000.000000 0.904000 
3220000.000000 0.917600 
3230000.000000 0.902400 
3240000.000000 0.917600 
3250000.000000 0.906400 
3260000.000000 0.911200 
3270000.000000 0.900000 
3280000.000000 0.886400 
3290000.000000 0.908800 
3300000.000000 0.895200 
3310000.000000 0.899200 
3320000.000000 0.915200 
3330000.000000 0.921600 
3340000.000000 0.924000 
3350000.000000 0.924800 
3360000.000000 0.924000 
3370000.000000 0.906400 
3380000.000000 0.909600 
3390000.000000 0.904800 
3400000.000000 0.932800 
3410000.000000 0.920800 
3420000.000000 0.938400 
3430000.000000 0.917600 
3440000.000000 0.936800 
3450000.000000 0.939200 
3460000.000000 0.904800 
3470000.000000 0.876000 
3480000.000000 0.875200 
3490000.000000 0.920000 
3500000.000000 0.925600 
3510000.000000 0.903200 
3520000.000000 0.900800 
3530000.000000 0.904000 
3540000.000000 0.872000 
3550000.000000 0.900000 
3560000.000000 0.921600 
3570000.000000 0.922400 
3580000.000000 0.928000 
3590000.000000 0.905600 
3600000.000000 0.914400 
3610000.000000 0.923200 
3620000.000000 0.938400 
3630000.000000 0.932000 
3640000.000000 0.913600 
3650000.000000 0.931200 
3660000.000000 0.940000 
3670000.000000 0.921600 
3680000.000000 0.921600 
3690000.000000 0.930400 
3700000.000000 0.924000 
3710000.000000 0.915200 
3720000.000000 0.906400 
3730000.000000 0.888800 
3740000.000000 0.898400 
3750000.000000 0.902400 
3760000.000000 0.917600 
3770000.000000 0.910400 
3780000.000000 0.915200 
3790000.000000 0.931200 
3800000.000000 0.930400 
3810000.000000 0.924800 
3820000.000000 0.927200 
3830000.000000 0.937600 
3840000.000000 0.920000 
3850000.000000 0.926400 
3860000.000000 0.924800 
3870000.000000 0.920000 
3880000.000000 0.928800 
3890000.000000 0.903200 
3900000.000000 0.909600 
3910000.000000 0.905600 
3920000.000000 0.885600 
3930000.000000 0.919200 
3940000.000000 0.919200 
3950000.000000 0.930400 
3960000.000000 0.917600 
3970000.000000 0.927200 
3980000.000000 0.921600 
3990000.000000 0.908000 
4000000.000000 0.910400 
4010000.000000 0.912800 
4020000.000000 0.912800 
4030000.000000 0.906400 
4040000.000000 0.911200 
4050000.000000 0.918400 
4060000.000000 0.924000 
4070000.000000 0.918400 
4080000.000000 0.915200 
4090000.000000 0.918400 
4100000.000000 0.916000 
4110000.000000 0.911200 
4120000.000000 0.909600 
4130000.000000 0.928000 
4140000.000000 0.901600 
4150000.000000 0.923200 
4160000.000000 0.922400 
4170000.000000 0.910400 
4180000.000000 0.900800 
4190000.000000 0.902400 
4200000.000000 0.907200 
4210000.000000 0.903200 
4220000.000000 0.927200 
4230000.000000 0.945600 
4240000.000000 0.919200 
4250000.000000 0.904000 
4260000.000000 0.906400 
4270000.000000 0.900800 
4280000.000000 0.903200 
4290000.000000 0.896800 
4300000.000000 0.914400 
4310000.000000 0.949600 
4320000.000000 0.924800 
4330000.000000 0.912800 
4340000.000000 0.893600 
4350000.000000 0.883200 
4360000.000000 0.864000 
4370000.000000 0.908000 
4380000.000000 0.899200 
4390000.000000 0.914400 
4400000.000000 0.918400 
4410000.000000 0.897600 
4420000.000000 0.903200 
4430000.000000 0.927200 
4440000.000000 0.928000 
4450000.000000 0.898400 
4460000.000000 0.911200 
4470000.000000 0.912800 
4480000.000000 0.932000 
4490000.000000 0.905600 
4500000.000000 0.932800 
4510000.000000 0.909600 
4520000.000000 0.912000 
4530000.000000 0.896000 
4540000.000000 0.897600 
4550000.000000 0.882400 
4560000.000000 0.870400 
4570000.000000 0.880000 
4580000.000000 0.900000 
4590000.000000 0.929600 
4600000.000000 0.947200 
4610000.000000 0.933600 
4620000.000000 0.924000 
4630000.000000 0.903200 
4640000.000000 0.892000 
4650000.000000 0.880000 
4660000.000000 0.893600 
4670000.000000 0.923200 
4680000.000000 0.905600 
4690000.000000 0.898400 
4700000.000000 0.901600 
4710000.000000 0.891200 
4720000.000000 0.888800 
4730000.000000 0.886400 
4740000.000000 0.901600 
4750000.000000 0.908000 
4760000.000000 0.923200 
4770000.000000 0.900800 
4780000.000000 0.904800 
4790000.000000 0.933600 
4800000.000000 0.924800 
4810000.000000 0.900800 
4820000.000000 0.890400 
4830000.000000 0.896800 
4840000.000000 0.896800 
4850000.000000 0.916800 
4860000.000000 0.922400 
4870000.000000 0.936800 
4880000.000000 0.892000 
4890000.000000 0.934400 
4900000.000000 0.908800 
4910000.000000 0.929600 
4920000.000000 0.915200 
4930000.000000 0.924000 
4940000.000000 0.925600 
4950000.000000 0.892000 
4960000.000000 0.916800 
4970000.000000 0.905600 
4980000.000000 0.879200 
4990000.000000 0.885600 
5000000.000000 0.894400 
5010000.000000 0.898400 
5020000.000000 0.924800 
5030000.000000 0.905600 
5040000.000000 0.922400 
5050000.000000 0.924000 
5060000.000000 0.903200 
5070000.000000 0.889600 
5080000.000000 0.907200 
5090000.000000 0.917600 
5100000.000000 0.924800 
5110000.000000 0.928000 
5120000.000000 0.914400 
5130000.000000 0.945600 
5140000.000000 0.944000 
5150000.000000 0.925600 
5160000.000000 0.902400 
5170000.000000 0.898400 
5180000.000000 0.916000 
5190000.000000 0.920800 
5200000.000000 0.934400 
5210000.000000 0.938400 
5220000.000000 0.920000 
5230000.000000 0.890400 
5240000.000000 0.931200 
5250000.000000 0.908800 
5260000.000000 0.902400 
5270000.000000 0.950400 
5280000.000000 0.936800 
5290000.000000 0.917600 
5300000.000000 0.914400 
5310000.000000 0.916000 
5320000.000000 0.916000 
5330000.000000 0.896800 
5340000.000000 0.893600 
5350000.000000 0.896000 
5360000.000000 0.885600 
5370000.000000 0.889600 
5380000.000000 0.906400 
5390000.000000 0.920000 
5400000.000000 0.915200 
5410000.000000 0.914400 
5420000.000000 0.922400 
5430000.000000 0.912000 
5440000.000000 0.912800 
5450000.000000 0.881600 
5460000.000000 0.894400 
5470000.000000 0.904800 
5480000.000000 0.904000 
5490000.000000 0.920000 
5500000.000000 0.925600 
5510000.000000 0.936800 
5520000.000000 0.939200 
5530000.000000 0.915200 
5540000.000000 0.916000 
5550000.000000 0.908000 
5560000.000000 0.874400 
5570000.000000 0.894400 
5580000.000000 0.894400 
5590000.000000 0.868000 
5600000.000000 0.900000 
5610000.000000 0.899200 
5620000.000000 0.911200 
5630000.000000 0.920800 
5640000.000000 0.919200 
5650000.000000 0.897600 
5660000.000000 0.902400 
5670000.000000 0.920000 
5680000.000000 0.924800 
5690000.000000 0.922400 
5700000.000000 0.944800 
5710000.000000 0.929600 
5720000.000000 0.917600 
5730000.000000 0.920000 
5740000.000000 0.916000 
5750000.000000 0.911200 
5760000.000000 0.908800 
5770000.000000 0.895200 
5780000.000000 0.897600 
5790000.000000 0.924000 
5800000.000000 0.897600 
5810000.000000 0.904000 
5820000.000000 0.924000 
5830000.000000 0.932000 
5840000.000000 0.919200 
5850000.000000 0.924800 
5860000.000000 0.933600 
5870000.000000 0.928800 
5880000.000000 0.941600 
5890000.000000 0.939200 
5900000.000000 0.896000 
5910000.000000 0.920800 
5920000.000000 0.936800 
5930000.000000 0.949600 
5940000.000000 0.916800 
5950000.000000 0.906400 
5960000.000000 0.912000 
5970000.000000 0.915200 
5980000.000000 0.924800 
5990000.000000 0.892000 
6000000.000000 0.900800 
6010000.000000 0.935200 
6020000.000000 0.921600 
6030000.000000 0.914400 
6040000.000000 0.899200 
6050000.000000 0.916800 
6060000.000000 0.920800 
6070000.000000 0.925600 
6080000.000000 0.929600 
6090000.000000 0.923200 
6100000.000000 0.939200 
6110000.000000 0.925600 
6120000.000000 0.928800 
6130000.000000 0.916000 
6140000.000000 0.917600 
6150000.000000 0.928800 
6160000.000000 0.927200 
6170000.000000 0.896800 
6180000.000000 0.893600 
6190000.000000 0.885600 
6200000.000000 0.911200 
6210000.000000 0.921600 
6220000.000000 0.910400 
6230000.000000 0.916000 
6240000.000000 0.902400 
6250000.000000 0.884000 
6260000.000000 0.885600 
6270000.000000 0.908800 
6280000.000000 0.897600 
6290000.000000 0.872800 
6300000.000000 0.896000 
6310000.000000 0.882400 
6320000.000000 0.876000 
6330000.000000 0.903200 
6340000.000000 0.889600 
6350000.000000 0.896000 
6360000.000000 0.916000 
6370000.000000 0.927200 
6380000.000000 0.932800 
6390000.000000 0.930400 
6400000.000000 0.906400 
6410000.000000 0.900800 
6420000.000000 0.918400 
6430000.000000 0.918400 
6440000.000000 0.916800 
6450000.000000 0.923200 
6460000.000000 0.900000 
6470000.000000 0.893600 
6480000.000000 0.901600 
6490000.000000 0.912800 
6500000.000000 0.895200 
6510000.000000 0.873600 
6520000.000000 0.874400 
6530000.000000 0.889600 
6540000.000000 0.884000 
6550000.000000 0.922400 
6560000.000000 0.908000 
6570000.000000 0.888800 
6580000.000000 0.928800 
6590000.000000 0.920800 
6600000.000000 0.930400 
6610000.000000 0.923200 
6620000.000000 0.935200 
6630000.000000 0.923200 
6640000.000000 0.906400 
6650000.000000 0.924800 
6660000.000000 0.924000 
6670000.000000 0.925600 
6680000.000000 0.916800 
6690000.000000 0.930400 
6700000.000000 0.935200 
6710000.000000 0.920800 
6720000.000000 0.915200 
6730000.000000 0.893600 
6740000.000000 0.898400 
6750000.000000 0.920000 
6760000.000000 0.915200 
6770000.000000 0.904800 
6780000.000000 0.913600 
6790000.000000 0.920000 
6800000.000000 0.915200 
6810000.000000 0.913600 
6820000.000000 0.934400 
6830000.000000 0.927200 
6840000.000000 0.933600 
6850000.000000 0.936000 
6860000.000000 0.932800 
6870000.000000 0.938400 
6880000.000000 0.916800 
6890000.000000 0.932800 
6900000.000000 0.924800 
6910000.000000 0.907200 
6920000.000000 0.915200 
6930000.000000 0.900000 
6940000.000000 0.920000 
6950000.000000 0.883200 
6960000.000000 0.900800 
6970000.000000 0.896000 
6980000.000000 0.912800 
6990000.000000 0.918400 
7000000.000000 0.918400 
7010000.000000 0.919200 
7020000.000000 0.900800 
7030000.000000 0.916000 
7040000.000000 0.929600 
7050000.000000 0.912000 
7060000.000000 0.903200 
7070000.000000 0.902400 
7080000.000000 0.900000 
7090000.000000 0.920000 
7100000.000000 0.908800 
7110000.000000 0.923200 
7120000.000000 0.924000 
7130000.000000 0.920000 
7140000.000000 0.922400 
7150000.000000 0.897600 
7160000.000000 0.887200 
7170000.000000 0.891200 
7180000.000000 0.920000 
7190000.000000 0.912000 
7200000.000000 0.945600 
7210000.000000 0.898400 
7220000.000000 0.919200 
7230000.000000 0.901600 
7240000.000000 0.919200 
7250000.000000 0.935200 
7260000.000000 0.930400 
7270000.000000 0.928800 
7280000.000000 0.936800 
7290000.000000 0.916800 
7300000.000000 0.899200 
7310000.000000 0.928800 
7320000.000000 0.920000 
7330000.000000 0.897600 
7340000.000000 0.919200 
7350000.000000 0.936000 
7360000.000000 0.916000 
7370000.000000 0.931200 
7380000.000000 0.933600 
7390000.000000 0.906400 
7400000.000000 0.907200 
7410000.000000 0.898400 
7420000.000000 0.924000 
7430000.000000 0.908800 
7440000.000000 0.911200 
7450000.000000 0.901600 
7460000.000000 0.912000 
7470000.000000 0.928000 
7480000.000000 0.941600 
7490000.000000 0.938400 
7500000.000000 0.936000 
7510000.000000 0.928000 
7520000.000000 0.914400 
7530000.000000 0.930400 
7540000.000000 0.944000 
7550000.000000 0.932800 
7560000.000000 0.912800 
7570000.000000 0.901600 
7580000.000000 0.908000 
7590000.000000 0.912000 
7600000.000000 0.912000 
7610000.000000 0.891200 
7620000.000000 0.879200 
7630000.000000 0.863200 
7640000.000000 0.893600 
7650000.000000 0.877600 
7660000.000000 0.904800 
7670000.000000 0.914400 
7680000.000000 0.930400 
7690000.000000 0.932800 
7700000.000000 0.944000 
7710000.000000 0.898400 
7720000.000000 0.896000 
7730000.000000 0.890400 
7740000.000000 0.904000 
7750000.000000 0.912000 
7760000.000000 0.900800 
7770000.000000 0.916000 
7780000.000000 0.932000 
7790000.000000 0.896800 
7800000.000000 0.919200 
7810000.000000 0.900000 
7820000.000000 0.896800 
7830000.000000 0.912000 
7840000.000000 0.920000 
7850000.000000 0.914400 
7860000.000000 0.890400 
7870000.000000 0.878400 
7880000.000000 0.880800 
7890000.000000 0.878400 
7900000.000000 0.892800 
7910000.000000 0.894400 
7920000.000000 0.901600 
7930000.000000 0.884000 
7940000.000000 0.868800 
7950000.000000 0.846400 
7960000.000000 0.860000 
7970000.000000 0.862400 
7980000.000000 0.864000 
7990000.000000 0.882400 
8000000.000000 0.886400 
8010000.000000 0.884800 
8020000.000000 0.854400 
8030000.000000 0.868800 
8040000.000000 0.893600 
8050000.000000 0.905600 
8060000.000000 0.913600 
8070000.000000 0.936800 
8080000.000000 0.919200 
8090000.000000 0.936800 
8100000.000000 0.929600 
8110000.000000 0.933600 
8120000.000000 0.916800 
8130000.000000 0.920000 
8140000.000000 0.894400 
8150000.000000 0.897600 
8160000.000000 0.911200 
8170000.000000 0.923200 
8180000.000000 0.907200 
8190000.000000 0.888000 
8200000.000000 0.906400 
8210000.000000 0.886400 
8220000.000000 0.886400 
8230000.000000 0.912800 
8240000.000000 0.935200 
8250000.000000 0.907200 
8260000.000000 0.892800 
8270000.000000 0.915200 
8280000.000000 0.928800 
8290000.000000 0.900000 
8300000.000000 0.916800 
8310000.000000 0.923200 
8320000.000000 0.937600 
8330000.000000 0.935200 
8340000.000000 0.937600 
8350000.000000 0.915200 
8360000.000000 0.938400 
8370000.000000 0.907200 
8380000.000000 0.912800 
8390000.000000 0.944800 
8400000.000000 0.916000 
8410000.000000 0.925600 
8420000.000000 0.927200 
8430000.000000 0.902400 
8440000.000000 0.912000 
8450000.000000 0.925600 
8460000.000000 0.911200 
8470000.000000 0.911200 
8480000.000000 0.921600 
8490000.000000 0.932000 
8500000.000000 0.933600 
8510000.000000 0.904000 
8520000.000000 0.908000 
8530000.000000 0.909600 
8540000.000000 0.891200 
8550000.000000 0.894400 
8560000.000000 0.920800 
8570000.000000 0.920000 
8580000.000000 0.936800 
8590000.000000 0.916800 
8600000.000000 0.942400 
8610000.000000 0.926400 
8620000.000000 0.924000 
8630000.000000 0.928800 
8640000.000000 0.917600 
8650000.000000 0.882400 
8660000.000000 0.928800 
8670000.000000 0.933600 
8680000.000000 0.920800 
8690000.000000 0.928800 
8700000.000000 0.944000 
8710000.000000 0.951200 
8720000.000000 0.914400 
8730000.000000 0.904000 
8740000.000000 0.937600 
8750000.000000 0.915200 
8760000.000000 0.913600 
8770000.000000 0.901600 
8780000.000000 0.914400 
8790000.000000 0.922400 
8800000.000000 0.943200 
8810000.000000 0.931200 
8820000.000000 0.944000 
8830000.000000 0.899200 
8840000.000000 0.936000 
8850000.000000 0.954400 
8860000.000000 0.927200 
8870000.000000 0.880000 
8880000.000000 0.925600 
8890000.000000 0.930400 
8900000.000000 0.922400 
8910000.000000 0.922400 
8920000.000000 0.920800 
8930000.000000 0.927200 
8940000.000000 0.908000 
8950000.000000 0.943200 
8960000.000000 0.932800 
8970000.000000 0.936800 
8980000.000000 0.926400 
8990000.000000 0.914400 
9000000.000000 0.918400 
9010000.000000 0.906400 
9020000.000000 0.914400 
9030000.000000 0.913600 
9040000.000000 0.914400 
9050000.000000 0.932800 
9060000.000000 0.904800 
9070000.000000 0.916800 
9080000.000000 0.932000 
9090000.000000 0.922400 
9100000.000000 0.937600 
9110000.000000 0.940800 
9120000.000000 0.930400 
9130000.000000 0.944000 
9140000.000000 0.914400 
9150000.000000 0.925600 
9160000.000000 0.916800 
9170000.000000 0.924800 
9180000.000000 0.903200 
9190000.000000 0.925600 
9200000.000000 0.928800 
9210000.000000 0.908800 
9220000.000000 0.900000 
9230000.000000 0.931200 
9240000.000000 0.928800 
9250000.000000 0.923200 
9260000.000000 0.918400 
9270000.000000 0.900800 
9280000.000000 0.913600 
9290000.000000 0.930400 
9300000.000000 0.913600 
9310000.000000 0.912000 
9320000.000000 0.922400 
9330000.000000 0.908800 
9340000.000000 0.892800 
9350000.000000 0.919200 
9360000.000000 0.888800 
9370000.000000 0.901600 
9380000.000000 0.910400 
9390000.000000 0.918400 
9400000.000000 0.912000 
9410000.000000 0.928000 
9420000.000000 0.929600 
9430000.000000 0.930400 
9440000.000000 0.931200 
9450000.000000 0.932800 
9460000.000000 0.928000 
9470000.000000 0.916800 
9480000.000000 0.901600 
9490000.000000 0.907200 
9500000.000000 0.916800 
9510000.000000 0.906400 
9520000.000000 0.916800 
9530000.000000 0.899200 
9540000.000000 0.952800 
9550000.000000 0.935200 
9560000.000000 0.922400 
9570000.000000 0.912000 
9580000.000000 0.912000 
9590000.000000 0.927200 
9600000.000000 0.933600 
9610000.000000 0.908800 
9620000.000000 0.920800 
9630000.000000 0.909600 
9640000.000000 0.931200 
9650000.000000 0.898400 
9660000.000000 0.892800 
9670000.000000 0.910400 
9680000.000000 0.931200 
9690000.000000 0.916000 
9700000.000000 0.915200 
9710000.000000 0.904000 
9720000.000000 0.919200 
9730000.000000 0.939200 
9740000.000000 0.932000 
9750000.000000 0.928000 
9760000.000000 0.923200 
9770000.000000 0.926400 
9780000.000000 0.940800 
9790000.000000 0.927200 
9800000.000000 0.904000 
9810000.000000 0.904000 
9820000.000000 0.936000 
9830000.000000 0.928000 
9840000.000000 0.917600 
9850000.000000 0.897600 
9860000.000000 0.892000 
9870000.000000 0.903200 
9880000.000000 0.890400 
9890000.000000 0.881600 
9900000.000000 0.879200 
9910000.000000 0.888000 
9920000.000000 0.894400 
9930000.000000 0.918400 
9940000.000000 0.879200 
9950000.000000 0.917600 
9960000.000000 0.902400 
9970000.000000 0.903200 
9980000.000000 0.912000 
9990000.000000 0.906400 
