0.000000 0.004000 
10000.000000 0.037600 
20000.000000 0.036800 
30000.000000 0.015200 
40000.000000 0.043200 
50000.000000 0.037600 
60000.000000 0.013600 
70000.000000 0.076000 
80000.000000 0.074400 
90000.000000 0.040800 
100000.000000 0.120000 
110000.000000 0.148800 
120000.000000 0.199200 
130000.000000 0.233600 
140000.000000 0.240800 
150000.000000 0.261600 
160000.000000 0.252800 
170000.000000 0.283200 
180000.000000 0.227200 
190000.000000 0.217600 
200000.000000 0.199200 
210000.000000 0.224800 
220000.000000 0.133600 
230000.000000 0.141600 
240000.000000 0.136000 
250000.000000 0.153600 
260000.000000 0.116000 
270000.000000 0.089600 
280000.000000 0.123200 
290000.000000 0.064800 
300000.000000 0.077600 
310000.000000 0.069600 
320000.000000 0.040000 
330000.000000 0.072000 
340000.000000 0.059200 
350000.000000 0.052800 
360000.000000 0.081600 
370000.000000 0.148800 
380000.000000 0.191200 
390000.000000 0.211200 
400000.000000 0.240800 
410000.000000 0.194400 
420000.000000 0.152800 
430000.000000 0.203200 
440000.000000 0.191200 
450000.000000 0.241600 
460000.000000 0.283200 
470000.000000 0.218400 
480000.000000 0.200800 
490000.000000 0.196000 
500000.000000 0.215200 
510000.000000 0.192800 
520000.000000 0.164000 
530000.000000 0.179200 
540000.000000 0.268000 
550000.000000 0.286400 
560000.000000 0.294400 
570000.000000 0.294400 
580000.000000 0.328000 
590000.000000 0.336800 
600000.000000 0.286400 
610000.000000 0.264000 
620000.000000 0.339200 
630000.000000 0.383200 
640000.000000 0.331200 
650000.000000 0.379200 
660000.000000 0.328800 
670000.000000 0.296800 
680000.000000 0.305600 
690000.000000 0.363200 
700000.000000 0.370400 
710000.000000 0.350400 
720000.000000 0.356800 
730000.000000 0.349600 
740000.000000 0.395200 
750000.000000 0.440000 
760000.000000 0.402400 
770000.000000 0.396000 
780000.000000 0.448000 
790000.000000 0.491200 
800000.000000 0.492000 
810000.000000 0.460800 
820000.000000 0.453600 
830000.000000 0.477600 
840000.000000 0.460000 
850000.000000 0.395200 
860000.000000 0.444000 
870000.000000 0.445600 
880000.000000 0.432000 
890000.000000 0.408000 
900000.000000 0.434400 
910000.000000 0.475200 
920000.000000 0.468000 
930000.000000 0.403200 
940000.000000 0.462400 
950000.000000 0.464000 
960000.000000 0.500800 
970000.000000 0.470400 
980000.000000 0.431200 
990000.000000 0.413600 
1000000.000000 0.449600 
1010000.000000 0.501600 
1020000.000000 0.493600 
1030000.000000 0.440800 
1040000.000000 0.422400 
1050000.000000 0.405600 
1060000.000000 0.423200 
1070000.000000 0.391200 
1080000.000000 0.396000 
1090000.000000 0.396800 
1100000.000000 0.388800 
1110000.000000 0.406400 
1120000.000000 0.388000 
1130000.000000 0.370400 
1140000.000000 0.368800 
1150000.000000 0.402400 
1160000.000000 0.370400 
1170000.000000 0.383200 
1180000.000000 0.414400 
1190000.000000 0.439200 
1200000.000000 0.416000 
1210000.000000 0.400800 
1220000.000000 0.433600 
1230000.000000 0.414400 
1240000.000000 0.406400 
1250000.000000 0.356000 
1260000.000000 0.338400 
1270000.000000 0.326400 
1280000.000000 0.354400 
1290000.000000 0.370400 
1300000.000000 0.324800 
1310000.000000 0.293600 
1320000.000000 0.283200 
1330000.000000 0.276800 
1340000.000000 0.315200 
1350000.000000 0.418400 
1360000.000000 0.356000 
1370000.000000 0.361600 
1380000.000000 0.401600 
1390000.000000 0.411200 
1400000.000000 0.435200 
1410000.000000 0.455200 
1420000.000000 0.438400 
1430000.000000 0.404000 
1440000.000000 0.380000 
1450000.000000 0.411200 
1460000.000000 0.405600 
1470000.000000 0.390400 
1480000.000000 0.412800 
1490000.000000 0.362400 
1500000.000000 0.368000 
1510000.000000 0.348000 
1520000.000000 0.356800 
1530000.000000 0.332000 
1540000.000000 0.335200 
1550000.000000 0.350400 
1560000.000000 0.344800 
1570000.000000 0.355200 
1580000.000000 0.362400 
1590000.000000 0.388800 
1600000.000000 0.394400 
1610000.000000 0.366400 
1620000.000000 0.391200 
1630000.000000 0.417600 
1640000.000000 0.452800 
1650000.000000 0.484000 
1660000.000000 0.473600 
1670000.000000 0.471200 
1680000.000000 0.381600 
1690000.000000 0.395200 
1700000.000000 0.428800 
1710000.000000 0.466400 
1720000.000000 0.467200 
1730000.000000 0.521600 
1740000.000000 0.472800 
1750000.000000 0.464800 
1760000.000000 0.447200 
1770000.000000 0.483200 
1780000.000000 0.448800 
1790000.000000 0.390400 
1800000.000000 0.410400 
1810000.000000 0.436000 
1820000.000000 0.443200 
1830000.000000 0.415200 
1840000.000000 0.421600 
1850000.000000 0.472000 
1860000.000000 0.480800 
1870000.000000 0.487200 
1880000.000000 0.504000 
1890000.000000 0.515200 
1900000.000000 0.544800 
1910000.000000 0.561600 
1920000.000000 0.483200 
1930000.000000 0.496000 
1940000.000000 0.509600 
1950000.000000 0.525600 
1960000.000000 0.555200 
1970000.000000 0.524800 
1980000.000000 0.584800 
1990000.000000 0.636800 
2000000.000000 0.571200 
2010000.000000 0.516800 
2020000.000000 0.509600 
2030000.000000 0.520000 
2040000.000000 0.586400 
2050000.000000 0.624000 
2060000.000000 0.591200 
2070000.000000 0.555200 
2080000.000000 0.587200 
2090000.000000 0.608800 
2100000.000000 0.609600 
2110000.000000 0.572000 
2120000.000000 0.642400 
2130000.000000 0.656800 
2140000.000000 0.601600 
2150000.000000 0.596000 
2160000.000000 0.553600 
2170000.000000 0.537600 
2180000.000000 0.558400 
2190000.000000 0.531200 
2200000.000000 0.549600 
2210000.000000 0.567200 
2220000.000000 0.572800 
2230000.000000 0.536800 
2240000.000000 0.547200 
2250000.000000 0.564000 
2260000.000000 0.567200 
2270000.000000 0.610400 
2280000.000000 0.604800 
2290000.000000 0.612800 
2300000.000000 0.600800 
2310000.000000 0.600000 
2320000.000000 0.596800 
2330000.000000 0.721600 
2340000.000000 0.685600 
2350000.000000 0.705600 
2360000.000000 0.726400 
2370000.000000 0.712800 
2380000.000000 0.683200 
2390000.000000 0.676000 
2400000.000000 0.688000 
2410000.000000 0.701600 
2420000.000000 0.692000 
2430000.000000 0.635200 
2440000.000000 0.598400 
2450000.000000 0.568000 
2460000.000000 0.534400 
2470000.000000 0.583200 
2480000.000000 0.553600 
2490000.000000 0.533600 
2500000.000000 0.547200 
2510000.000000 0.613600 
2520000.000000 0.567200 
2530000.000000 0.583200 
2540000.000000 0.584000 
2550000.000000 0.531200 
2560000.000000 0.476000 
2570000.000000 0.463200 
2580000.000000 0.488000 
2590000.000000 0.530400 
2600000.000000 0.536800 
2610000.000000 0.541600 
2620000.000000 0.549600 
2630000.000000 0.526400 
2640000.000000 0.572000 
2650000.000000 0.655200 
2660000.000000 0.648000 
2670000.000000 0.650400 
2680000.000000 0.657600 
2690000.000000 0.583200 
2700000.000000 0.632000 
2710000.000000 0.650400 
2720000.000000 0.637600 
2730000.000000 0.606400 
2740000.000000 0.581600 
2750000.000000 0.585600 
2760000.000000 0.523200 
2770000.000000 0.545600 
2780000.000000 0.544800 
2790000.000000 0.597600 
2800000.000000 0.596800 
2810000.000000 0.565600 
2820000.000000 0.571200 
2830000.000000 0.535200 
2840000.000000 0.535200 
2850000.000000 0.526400 
2860000.000000 0.540800 
2870000.000000 0.507200 
2880000.000000 0.496800 
2890000.000000 0.503200 
2900000.000000 0.463200 
2910000.000000 0.472800 
2920000.000000 0.467200 
2930000.000000 0.411200 
2940000.000000 0.472000 
2950000.000000 0.460800 
2960000.000000 0.504800 
2970000.000000 0.488000 
2980000.000000 0.522400 
2990000.000000 0.512000 
3000000.000000 0.504000 
3010000.000000 0.526400 
3020000.000000 0.547200 
3030000.000000 0.502400 
3040000.000000 0.469600 
3050000.000000 0.481600 
3060000.000000 0.557600 
3070000.000000 0.539200 
3080000.000000 0.538400 
3090000.000000 0.528000 
3100000.000000 0.544800 
3110000.000000 0.499200 
3120000.000000 0.545600 
3130000.000000 0.548800 
3140000.000000 0.514400 
3150000.000000 0.550400 
3160000.000000 0.576800 
3170000.000000 0.552000 
3180000.000000 0.556000 
3190000.000000 0.570400 
3200000.000000 0.475200 
3210000.000000 0.480800 
3220000.000000 0.535200 
3230000.000000 0.548800 
3240000.000000 0.577600 
3250000.000000 0.551200 
3260000.000000 0.552800 
3270000.000000 0.573600 
3280000.000000 0.599200 
3290000.000000 0.576000 
3300000.000000 0.588000 
3310000.000000 0.640800 
3320000.000000 0.609600 
3330000.000000 0.636000 
3340000.000000 0.644800 
3350000.000000 0.671200 
3360000.000000 0.664800 
3370000.000000 0.658400 
3380000.000000 0.696800 
3390000.000000 0.608800 
3400000.000000 0.652800 
3410000.000000 0.660000 
3420000.000000 0.669600 
3430000.000000 0.648800 
3440000.000000 0.696800 
3450000.000000 0.712800 
3460000.000000 0.696800 
3470000.000000 0.690400 
3480000.000000 0.660000 
3490000.000000 0.625600 
3500000.000000 0.646400 
3510000.000000 0.655200 
3520000.000000 0.658400 
3530000.000000 0.639200 
3540000.000000 0.633600 
3550000.000000 0.626400 
3560000.000000 0.559200 
3570000.000000 0.585600 
3580000.000000 0.558400 
3590000.000000 0.526400 
3600000.000000 0.516800 
3610000.000000 0.555200 
3620000.000000 0.574400 
3630000.000000 0.596800 
3640000.000000 0.676000 
3650000.000000 0.652000 
3660000.000000 0.627200 
3670000.000000 0.597600 
3680000.000000 0.662400 
3690000.000000 0.682400 
3700000.000000 0.676800 
3710000.000000 0.655200 
3720000.000000 0.633600 
3730000.000000 0.612800 
3740000.000000 0.653600 
3750000.000000 0.648000 
3760000.000000 0.663200 
3770000.000000 0.672000 
3780000.000000 0.659200 
3790000.000000 0.653600 
3800000.000000 0.684800 
3810000.000000 0.664800 
3820000.000000 0.689600 
3830000.000000 0.646400 
3840000.000000 0.652800 
3850000.000000 0.698400 
3860000.000000 0.682400 
3870000.000000 0.653600 
3880000.000000 0.612000 
3890000.000000 0.586400 
3900000.000000 0.615200 
3910000.000000 0.624800 
3920000.000000 0.660000 
3930000.000000 0.657600 
3940000.000000 0.692000 
3950000.000000 0.637600 
3960000.000000 0.649600 
3970000.000000 0.587200 
3980000.000000 0.597600 
3990000.000000 0.611200 
4000000.000000 0.591200 
4010000.000000 0.622400 
4020000.000000 0.588800 
4030000.000000 0.588000 
4040000.000000 0.561600 
4050000.000000 0.538400 
4060000.000000 0.551200 
4070000.000000 0.573600 
4080000.000000 0.561600 
4090000.000000 0.593600 
4100000.000000 0.624000 
4110000.000000 0.679200 
4120000.000000 0.672800 
4130000.000000 0.695200 
4140000.000000 0.696800 
4150000.000000 0.680000 
4160000.000000 0.659200 
4170000.000000 0.648800 
4180000.000000 0.716800 
4190000.000000 0.762400 
4200000.000000 0.781600 
4210000.000000 0.808800 
4220000.000000 0.750400 
4230000.000000 0.732000 
4240000.000000 0.641600 
4250000.000000 0.647200 
4260000.000000 0.656800 
4270000.000000 0.647200 
4280000.000000 0.653600 
4290000.000000 0.655200 
4300000.000000 0.648000 
4310000.000000 0.630400 
4320000.000000 0.672800 
4330000.000000 0.604000 
4340000.000000 0.586400 
4350000.000000 0.537600 
4360000.000000 0.528000 
4370000.000000 0.516800 
4380000.000000 0.503200 
4390000.000000 0.556800 
4400000.000000 0.601600 
4410000.000000 0.600000 
4420000.000000 0.665600 
4430000.000000 0.668000 
4440000.000000 0.664800 
4450000.000000 0.658400 
4460000.000000 0.640800 
4470000.000000 0.622400 
4480000.000000 0.580800 
4490000.000000 0.590400 
4500000.000000 0.548800 
4510000.000000 0.566400 
4520000.000000 0.600000 
4530000.000000 0.633600 
4540000.000000 0.665600 
4550000.000000 0.692000 
4560000.000000 0.692800 
4570000.000000 0.725600 
4580000.000000 0.692800 
4590000.000000 0.686400 
4600000.000000 0.649600 
4610000.000000 0.613600 
4620000.000000 0.511200 
4630000.000000 0.492000 
4640000.000000 0.468800 
4650000.000000 0.484800 
4660000.000000 0.490400 
4670000.000000 0.512800 
4680000.000000 0.533600 
4690000.000000 0.536800 
4700000.000000 0.593600 
4710000.000000 0.556000 
4720000.000000 0.521600 
4730000.000000 0.529600 
4740000.000000 0.485600 
4750000.000000 0.469600 
4760000.000000 0.503200 
4770000.000000 0.497600 
4780000.000000 0.469600 
4790000.000000 0.484000 
4800000.000000 0.564800 
4810000.000000 0.632000 
4820000.000000 0.564800 
4830000.000000 0.627200 
4840000.000000 0.661600 
4850000.000000 0.614400 
4860000.000000 0.636800 
4870000.000000 0.675200 
4880000.000000 0.692800 
4890000.000000 0.678400 
4900000.000000 0.636000 
4910000.000000 0.589600 
4920000.000000 0.615200 
4930000.000000 0.540000 
4940000.000000 0.464000 
4950000.000000 0.444000 
4960000.000000 0.440000 
4970000.000000 0.425600 
4980000.000000 0.430400 
4990000.000000 0.446400 
5000000.000000 0.396000 
5010000.000000 0.338400 
5020000.000000 0.429600 
5030000.000000 0.450400 
5040000.000000 0.432800 
5050000.000000 0.464000 
5060000.000000 0.427200 
5070000.000000 0.469600 
5080000.000000 0.464000 
5090000.000000 0.435200 
5100000.000000 0.452000 
5110000.000000 0.508000 
5120000.000000 0.508800 
5130000.000000 0.528000 
5140000.000000 0.456800 
5150000.000000 0.454400 
5160000.000000 0.470400 
5170000.000000 0.496800 
5180000.000000 0.477600 
5190000.000000 0.513600 
5200000.000000 0.483200 
5210000.000000 0.496000 
5220000.000000 0.511200 
5230000.000000 0.472000 
5240000.000000 0.477600 
5250000.000000 0.453600 
5260000.000000 0.415200 
5270000.000000 0.336800 
5280000.000000 0.363200 
5290000.000000 0.325600 
5300000.000000 0.323200 
5310000.000000 0.317600 
5320000.000000 0.364000 
5330000.000000 0.440800 
5340000.000000 0.450400 
5350000.000000 0.440000 
5360000.000000 0.467200 
5370000.000000 0.460800 
5380000.000000 0.489600 
5390000.000000 0.468000 
5400000.000000 0.485600 
5410000.000000 0.429600 
5420000.000000 0.439200 
5430000.000000 0.460000 
5440000.000000 0.467200 
5450000.000000 0.468000 
5460000.000000 0.449600 
5470000.000000 0.511200 
5480000.000000 0.464000 
5490000.000000 0.477600 
5500000.000000 0.551200 
5510000.000000 0.591200 
5520000.000000 0.599200 
5530000.000000 0.572800 
5540000.000000 0.511200 
5550000.000000 0.540800 
5560000.000000 0.482400 
5570000.000000 0.492000 
5580000.000000 0.493600 
5590000.000000 0.502400 
5600000.000000 0.564800 
5610000.000000 0.612000 
5620000.000000 0.612000 
5630000.000000 0.552800 
5640000.000000 0.643200 
5650000.000000 0.660000 
5660000.000000 0.694400 
5670000.000000 0.723200 
5680000.000000 0.694400 
5690000.000000 0.724800 
5700000.000000 0.735200 
5710000.000000 0.661600 
5720000.000000 0.638400 
5730000.000000 0.612800 
5740000.000000 0.628000 
5750000.000000 0.620800 
5760000.000000 0.632800 
5770000.000000 0.657600 
5780000.000000 0.648000 
5790000.000000 0.665600 
5800000.000000 0.636800 
5810000.000000 0.638400 
5820000.000000 0.644800 
5830000.000000 0.671200 
5840000.000000 0.675200 
5850000.000000 0.682400 
5860000.000000 0.635200 
5870000.000000 0.672800 
5880000.000000 0.685600 
5890000.000000 0.677600 
5900000.000000 0.649600 
5910000.000000 0.639200 
5920000.000000 0.676800 
5930000.000000 0.703200 
5940000.000000 0.718400 
5950000.000000 0.679200 
5960000.000000 0.705600 
5970000.000000 0.680000 
5980000.000000 0.645600 
5990000.000000 0.692000 
6000000.000000 0.675200 
6010000.000000 0.697600 
6020000.000000 0.695200 
6030000.000000 0.658400 
6040000.000000 0.632800 
6050000.000000 0.670400 
6060000.000000 0.671200 
6070000.000000 0.592000 
6080000.000000 0.624000 
6090000.000000 0.577600 
6100000.000000 0.616800 
6110000.000000 0.569600 
6120000.000000 0.547200 
6130000.000000 0.539200 
6140000.000000 0.539200 
6150000.000000 0.496000 
6160000.000000 0.437600 
6170000.000000 0.428000 
6180000.000000 0.437600 
6190000.000000 0.415200 
6200000.000000 0.385600 
6210000.000000 0.437600 
6220000.000000 0.454400 
6230000.000000 0.465600 
6240000.000000 0.446400 
6250000.000000 0.481600 
6260000.000000 0.461600 
6270000.000000 0.440000 
6280000.000000 0.454400 
6290000.000000 0.426400 
6300000.000000 0.472800 
6310000.000000 0.460000 
6320000.000000 0.506400 
6330000.000000 0.537600 
6340000.000000 0.506400 
6350000.000000 0.493600 
6360000.000000 0.438400 
6370000.000000 0.416800 
6380000.000000 0.436800 
6390000.000000 0.463200 
6400000.000000 0.429600 
6410000.000000 0.418400 
6420000.000000 0.393600 
6430000.000000 0.419200 
6440000.000000 0.448800 
6450000.000000 0.430400 
6460000.000000 0.429600 
6470000.000000 0.390400 
6480000.000000 0.434400 
6490000.000000 0.434400 
6500000.000000 0.406400 
6510000.000000 0.435200 
6520000.000000 0.443200 
6530000.000000 0.464800 
6540000.000000 0.434400 
6550000.000000 0.479200 
6560000.000000 0.446400 
6570000.000000 0.363200 
6580000.000000 0.360000 
6590000.000000 0.368800 
6600000.000000 0.368000 
6610000.000000 0.379200 
6620000.000000 0.387200 
6630000.000000 0.323200 
6640000.000000 0.319200 
6650000.000000 0.316000 
6660000.000000 0.345600 
6670000.000000 0.323200 
6680000.000000 0.312000 
6690000.000000 0.319200 
6700000.000000 0.359200 
6710000.000000 0.395200 
6720000.000000 0.349600 
6730000.000000 0.400000 
6740000.000000 0.420000 
6750000.000000 0.365600 
6760000.000000 0.336000 
6770000.000000 0.435200 
6780000.000000 0.453600 
6790000.000000 0.419200 
6800000.000000 0.405600 
6810000.000000 0.485600 
6820000.000000 0.492000 
6830000.000000 0.470400 
6840000.000000 0.506400 
6850000.000000 0.569600 
6860000.000000 0.523200 
6870000.000000 0.503200 
6880000.000000 0.526400 
6890000.000000 0.558400 
6900000.000000 0.574400 
6910000.000000 0.599200 
6920000.000000 0.604800 
6930000.000000 0.622400 
6940000.000000 0.617600 
6950000.000000 0.647200 
6960000.000000 0.644000 
6970000.000000 0.604000 
6980000.000000 0.605600 
6990000.000000 0.572000 
7000000.000000 0.571200 
7010000.000000 0.539200 
7020000.000000 0.566400 
7030000.000000 0.586400 
7040000.000000 0.580800 
7050000.000000 0.642400 
7060000.000000 0.616000 
7070000.000000 0.615200 
7080000.000000 0.585600 
7090000.000000 0.600800 
7100000.000000 0.584000 
7110000.000000 0.580000 
7120000.000000 0.634400 
7130000.000000 0.673600 
7140000.000000 0.704800 
7150000.000000 0.728800 
7160000.000000 0.719200 
7170000.000000 0.660000 
7180000.000000 0.653600 
7190000.000000 0.638400 
7200000.000000 0.618400 
7210000.000000 0.561600 
7220000.000000 0.488800 
7230000.000000 0.460000 
7240000.000000 0.427200 
7250000.000000 0.428000 
7260000.000000 0.456000 
7270000.000000 0.416000 
7280000.000000 0.368000 
7290000.000000 0.391200 
7300000.000000 0.406400 
7310000.000000 0.348800 
7320000.000000 0.322400 
7330000.000000 0.384000 
7340000.000000 0.508000 
7350000.000000 0.476800 
7360000.000000 0.440800 
7370000.000000 0.434400 
7380000.000000 0.435200 
7390000.000000 0.365600 
7400000.000000 0.380000 
7410000.000000 0.429600 
7420000.000000 0.479200 
7430000.000000 0.517600 
7440000.000000 0.547200 
7450000.000000 0.528000 
7460000.000000 0.543200 
7470000.000000 0.593600 
7480000.000000 0.636800 
7490000.000000 0.568800 
7500000.000000 0.548000 
7510000.000000 0.527200 
7520000.000000 0.542400 
7530000.000000 0.500000 
7540000.000000 0.579200 
7550000.000000 0.568800 
7560000.000000 0.562400 
7570000.000000 0.581600 
7580000.000000 0.604000 
7590000.000000 0.601600 
7600000.000000 0.584800 
7610000.000000 0.559200 
7620000.000000 0.512000 
7630000.000000 0.550400 
7640000.000000 0.572800 
7650000.000000 0.444800 
7660000.000000 0.526400 
7670000.000000 0.525600 
7680000.000000 0.505600 
7690000.000000 0.537600 
7700000.000000 0.529600 
7710000.000000 0.514400 
7720000.000000 0.497600 
7730000.000000 0.512800 
7740000.000000 0.512800 
7750000.000000 0.487200 
7760000.000000 0.500000 
7770000.000000 0.504000 
7780000.000000 0.473600 
7790000.000000 0.527200 
7800000.000000 0.498400 
7810000.000000 0.471200 
7820000.000000 0.545600 
7830000.000000 0.557600 
7840000.000000 0.586400 
7850000.000000 0.583200 
7860000.000000 0.632000 
7870000.000000 0.636800 
7880000.000000 0.581600 
7890000.000000 0.597600 
7900000.000000 0.654400 
7910000.000000 0.689600 
7920000.000000 0.673600 
7930000.000000 0.694400 
7940000.000000 0.621600 
7950000.000000 0.656000 
7960000.000000 0.649600 
7970000.000000 0.676000 
7980000.000000 0.715200 
7990000.000000 0.687200 
8000000.000000 0.671200 
8010000.000000 0.682400 
8020000.000000 0.699200 
8030000.000000 0.677600 
8040000.000000 0.678400 
8050000.000000 0.662400 
8060000.000000 0.704000 
8070000.000000 0.734400 
8080000.000000 0.769600 
8090000.000000 0.784800 
8100000.000000 0.838400 
8110000.000000 0.833600 
8120000.000000 0.826400 
8130000.000000 0.824800 
8140000.000000 0.788800 
8150000.000000 0.775200 
8160000.000000 0.784800 
8170000.000000 0.756000 
8180000.000000 0.708000 
8190000.000000 0.702400 
8200000.000000 0.678400 
8210000.000000 0.672000 
8220000.000000 0.703200 
8230000.000000 0.737600 
8240000.000000 0.716800 
8250000.000000 0.724800 
8260000.000000 0.728800 
8270000.000000 0.741600 
8280000.000000 0.664000 
8290000.000000 0.624800 
8300000.000000 0.673600 
8310000.000000 0.671200 
8320000.000000 0.701600 
8330000.000000 0.697600 
8340000.000000 0.712800 
8350000.000000 0.729600 
8360000.000000 0.696800 
8370000.000000 0.662400 
8380000.000000 0.667200 
8390000.000000 0.655200 
8400000.000000 0.659200 
8410000.000000 0.637600 
8420000.000000 0.625600 
8430000.000000 0.604800 
8440000.000000 0.656800 
8450000.000000 0.612800 
8460000.000000 0.577600 
8470000.000000 0.592000 
8480000.000000 0.538400 
8490000.000000 0.599200 
8500000.000000 0.572000 
8510000.000000 0.608000 
8520000.000000 0.604000 
8530000.000000 0.607200 
8540000.000000 0.642400 
8550000.000000 0.577600 
8560000.000000 0.583200 
8570000.000000 0.587200 
8580000.000000 0.616800 
8590000.000000 0.654400 
8600000.000000 0.683200 
8610000.000000 0.722400 
8620000.000000 0.695200 
8630000.000000 0.724800 
8640000.000000 0.733600 
8650000.000000 0.748800 
8660000.000000 0.768800 
8670000.000000 0.769600 
8680000.000000 0.718400 
8690000.000000 0.768800 
8700000.000000 0.728000 
8710000.000000 0.768800 
8720000.000000 0.698400 
8730000.000000 0.624800 
8740000.000000 0.572800 
8750000.000000 0.621600 
8760000.000000 0.631200 
8770000.000000 0.675200 
8780000.000000 0.664800 
8790000.000000 0.628800 
8800000.000000 0.636000 
8810000.000000 0.650400 
8820000.000000 0.576800 
8830000.000000 0.485600 
8840000.000000 0.484000 
8850000.000000 0.505600 
8860000.000000 0.456800 
8870000.000000 0.408800 
8880000.000000 0.406400 
8890000.000000 0.429600 
8900000.000000 0.458400 
8910000.000000 0.486400 
8920000.000000 0.497600 
8930000.000000 0.491200 
8940000.000000 0.512000 
8950000.000000 0.463200 
8960000.000000 0.456000 
8970000.000000 0.512000 
8980000.000000 0.520000 
8990000.000000 0.518400 
9000000.000000 0.500000 
9010000.000000 0.475200 
9020000.000000 0.431200 
9030000.000000 0.455200 
9040000.000000 0.426400 
9050000.000000 0.485600 
9060000.000000 0.447200 
9070000.000000 0.444800 
9080000.000000 0.489600 
9090000.000000 0.499200 
9100000.000000 0.507200 
9110000.000000 0.586400 
9120000.000000 0.540000 
9130000.000000 0.533600 
9140000.000000 0.566400 
9150000.000000 0.554400 
9160000.000000 0.609600 
9170000.000000 0.641600 
9180000.000000 0.645600 
9190000.000000 0.635200 
9200000.000000 0.635200 
9210000.000000 0.629600 
9220000.000000 0.654400 
9230000.000000 0.623200 
9240000.000000 0.631200 
9250000.000000 0.622400 
9260000.000000 0.628800 
9270000.000000 0.626400 
9280000.000000 0.584000 
9290000.000000 0.628000 
9300000.000000 0.586400 
9310000.000000 0.596000 
9320000.000000 0.596000 
9330000.000000 0.630400 
9340000.000000 0.652800 
9350000.000000 0.595200 
9360000.000000 0.598400 
9370000.000000 0.612000 
9380000.000000 0.640800 
9390000.000000 0.702400 
9400000.000000 0.688000 
9410000.000000 0.699200 
9420000.000000 0.699200 
9430000.000000 0.714400 
9440000.000000 0.686400 
9450000.000000 0.704800 
9460000.000000 0.700000 
9470000.000000 0.694400 
9480000.000000 0.718400 
9490000.000000 0.747200 
9500000.000000 0.751200 
9510000.000000 0.724000 
9520000.000000 0.713600 
9530000.000000 0.680800 
9540000.000000 0.725600 
9550000.000000 0.689600 
9560000.000000 0.672800 
9570000.000000 0.645600 
9580000.000000 0.593600 
9590000.000000 0.550400 
9600000.000000 0.556000 
9610000.000000 0.544000 
9620000.000000 0.507200 
9630000.000000 0.487200 
9640000.000000 0.531200 
9650000.000000 0.512800 
9660000.000000 0.564000 
9670000.000000 0.504000 
9680000.000000 0.504000 
9690000.000000 0.484000 
9700000.000000 0.468000 
9710000.000000 0.507200 
9720000.000000 0.504000 
9730000.000000 0.504000 
9740000.000000 0.478400 
9750000.000000 0.486400 
9760000.000000 0.444000 
9770000.000000 0.447200 
9780000.000000 0.519200 
9790000.000000 0.544000 
9800000.000000 0.480800 
9810000.000000 0.462400 
9820000.000000 0.439200 
9830000.000000 0.459200 
9840000.000000 0.404800 
9850000.000000 0.444800 
9860000.000000 0.432800 
9870000.000000 0.456800 
9880000.000000 0.450400 
9890000.000000 0.487200 
9900000.000000 0.472000 
9910000.000000 0.478400 
9920000.000000 0.482400 
9930000.000000 0.418400 
9940000.000000 0.400800 
9950000.000000 0.425600 
9960000.000000 0.409600 
9970000.000000 0.401600 
9980000.000000 0.398400 
9990000.000000 0.382400 
