0.000000 0.006400 
10000.000000 0.019200 
20000.000000 0.020800 
30000.000000 0.006400 
40000.000000 0.112800 
50000.000000 0.176000 
60000.000000 0.167200 
70000.000000 0.175200 
80000.000000 0.144800 
90000.000000 0.114400 
100000.000000 0.154400 
110000.000000 0.196800 
120000.000000 0.218400 
130000.000000 0.228800 
140000.000000 0.253600 
150000.000000 0.236800 
160000.000000 0.217600 
170000.000000 0.224000 
180000.000000 0.280000 
190000.000000 0.245600 
200000.000000 0.231200 
210000.000000 0.188800 
220000.000000 0.161600 
230000.000000 0.190400 
240000.000000 0.248800 
250000.000000 0.248000 
260000.000000 0.161600 
270000.000000 0.218400 
280000.000000 0.220800 
290000.000000 0.165600 
300000.000000 0.180000 
310000.000000 0.188000 
320000.000000 0.258400 
330000.000000 0.265600 
340000.000000 0.232000 
350000.000000 0.174400 
360000.000000 0.145600 
370000.000000 0.142400 
380000.000000 0.187200 
390000.000000 0.205600 
400000.000000 0.264000 
410000.000000 0.274400 
420000.000000 0.248000 
430000.000000 0.252800 
440000.000000 0.252800 
450000.000000 0.289600 
460000.000000 0.304000 
470000.000000 0.269600 
480000.000000 0.227200 
490000.000000 0.152000 
500000.000000 0.131200 
510000.000000 0.184000 
520000.000000 0.288000 
530000.000000 0.264000 
540000.000000 0.292800 
550000.000000 0.296800 
560000.000000 0.405600 
570000.000000 0.412800 
580000.000000 0.298400 
590000.000000 0.235200 
600000.000000 0.268000 
610000.000000 0.254400 
620000.000000 0.284000 
630000.000000 0.280800 
640000.000000 0.299200 
650000.000000 0.265600 
660000.000000 0.339200 
670000.000000 0.372800 
680000.000000 0.360800 
690000.000000 0.394400 
700000.000000 0.365600 
710000.000000 0.358400 
720000.000000 0.334400 
730000.000000 0.264800 
740000.000000 0.184000 
750000.000000 0.176800 
760000.000000 0.136800 
770000.000000 0.168800 
780000.000000 0.114400 
790000.000000 0.070400 
800000.000000 0.001600 
810000.000000 0.056800 
820000.000000 0.036000 
830000.000000 0.028800 
840000.000000 0.016000 
850000.000000 0.052000 
860000.000000 0.025600 
870000.000000 0.028000 
880000.000000 0.048800 
890000.000000 0.042400 
900000.000000 0.031200 
910000.000000 0.108000 
920000.000000 0.029600 
930000.000000 0.011200 
940000.000000 0.013600 
950000.000000 0.081600 
960000.000000 0.036000 
970000.000000 0.010400 
980000.000000 0.005600 
990000.000000 0.022400 
1000000.000000 0.060000 
1010000.000000 0.054400 
1020000.000000 0.002400 
1030000.000000 0.020800 
1040000.000000 0.033600 
1050000.000000 0.029600 
1060000.000000 0.047200 
1070000.000000 0.079200 
1080000.000000 0.037600 
1090000.000000 0.084800 
1100000.000000 0.048000 
1110000.000000 0.110400 
1120000.000000 0.075200 
1130000.000000 0.020800 
1140000.000000 0.067200 
1150000.000000 0.003200 
1160000.000000 0.004000 
1170000.000000 0.013600 
1180000.000000 0.003200 
1190000.000000 0.089600 
1200000.000000 0.119200 
1210000.000000 0.073600 
1220000.000000 0.048000 
1230000.000000 0.068000 
1240000.000000 0.090400 
1250000.000000 0.029600 
1260000.000000 0.000800 
1270000.000000 0.065600 
1280000.000000 0.018400 
1290000.000000 0.024800 
1300000.000000 0.057600 
1310000.000000 0.038400 
1320000.000000 0.012800 
1330000.000000 0.057600 
1340000.000000 0.016800 
1350000.000000 0.002400 
1360000.000000 0.012000 
1370000.000000 0.021600 
1380000.000000 0.060000 
1390000.000000 0.060800 
1400000.000000 0.016800 
1410000.000000 0.013600 
1420000.000000 0.089600 
1430000.000000 0.084800 
1440000.000000 0.036000 
1450000.000000 0.026400 
1460000.000000 0.032800 
1470000.000000 0.013600 
1480000.000000 0.033600 
1490000.000000 0.056800 
1500000.000000 0.093600 
1510000.000000 0.128800 
1520000.000000 0.101600 
1530000.000000 0.051200 
1540000.000000 0.024800 
1550000.000000 0.012800 
1560000.000000 0.094400 
1570000.000000 0.087200 
1580000.000000 0.022400 
1590000.000000 0.026400 
1600000.000000 0.022400 
1610000.000000 0.050400 
1620000.000000 0.002400 
1630000.000000 0.032800 
1640000.000000 0.040000 
1650000.000000 0.056800 
1660000.000000 0.168800 
1670000.000000 0.116000 
1680000.000000 0.197600 
1690000.000000 0.120800 
1700000.000000 0.157600 
1710000.000000 0.146400 
1720000.000000 0.092800 
1730000.000000 0.115200 
1740000.000000 0.045600 
1750000.000000 0.091200 
1760000.000000 0.115200 
1770000.000000 0.053600 
1780000.000000 0.028000 
1790000.000000 0.068800 
1800000.000000 0.124000 
1810000.000000 0.085600 
1820000.000000 0.088800 
1830000.000000 0.062400 
1840000.000000 0.035200 
1850000.000000 0.016800 
1860000.000000 0.024000 
1870000.000000 0.035200 
1880000.000000 0.004800 
1890000.000000 0.086400 
1900000.000000 0.104000 
1910000.000000 0.087200 
1920000.000000 0.024000 
1930000.000000 0.039200 
1940000.000000 0.017600 
1950000.000000 0.001600 
1960000.000000 0.066400 
1970000.000000 0.067200 
1980000.000000 0.122400 
1990000.000000 0.095200 
2000000.000000 0.110400 
2010000.000000 0.100000 
2020000.000000 0.085600 
2030000.000000 0.148800 
2040000.000000 0.127200 
2050000.000000 0.098400 
2060000.000000 0.114400 
2070000.000000 0.115200 
2080000.000000 0.054400 
2090000.000000 0.059200 
2100000.000000 0.074400 
2110000.000000 0.045600 
2120000.000000 0.071200 
2130000.000000 0.019200 
2140000.000000 0.027200 
2150000.000000 0.055200 
2160000.000000 0.056000 
2170000.000000 0.012000 
2180000.000000 0.034400 
2190000.000000 0.042400 
2200000.000000 0.036000 
2210000.000000 0.023200 
2220000.000000 0.054400 
2230000.000000 0.112000 
2240000.000000 0.060000 
2250000.000000 0.057600 
2260000.000000 0.064800 
2270000.000000 0.063200 
2280000.000000 0.012000 
2290000.000000 0.062400 
2300000.000000 0.052800 
2310000.000000 0.054400 
2320000.000000 0.096000 
2330000.000000 0.072800 
2340000.000000 0.063200 
2350000.000000 0.020000 
2360000.000000 0.029600 
2370000.000000 0.052800 
2380000.000000 0.025600 
2390000.000000 0.008800 
2400000.000000 0.048000 
2410000.000000 0.016800 
2420000.000000 0.031200 
2430000.000000 0.071200 
2440000.000000 0.054400 
2450000.000000 0.028000 
2460000.000000 0.018400 
2470000.000000 0.005600 
2480000.000000 0.016800 
2490000.000000 0.023200 
2500000.000000 0.018400 
2510000.000000 0.070400 
2520000.000000 0.026400 
2530000.000000 0.073600 
2540000.000000 0.009600 
2550000.000000 0.035200 
2560000.000000 0.017600 
2570000.000000 0.032000 
2580000.000000 0.018400 
2590000.000000 0.008800 
2600000.000000 0.009600 
2610000.000000 0.005600 
2620000.000000 0.006400 
2630000.000000 0.001600 
2640000.000000 0.009600 
2650000.000000 0.073600 
2660000.000000 0.080800 
2670000.000000 0.080000 
2680000.000000 0.063200 
2690000.000000 0.059200 
2700000.000000 0.017600 
2710000.000000 0.091200 
2720000.000000 0.065600 
2730000.000000 0.093600 
2740000.000000 0.096000 
2750000.000000 0.092800 
2760000.000000 0.088000 
2770000.000000 0.108000 
2780000.000000 0.141600 
2790000.000000 0.144000 
2800000.000000 0.127200 
2810000.000000 0.103200 
2820000.000000 0.081600 
2830000.000000 0.063200 
2840000.000000 0.060000 
2850000.000000 0.007200 
2860000.000000 0.040000 
2870000.000000 0.028000 
2880000.000000 0.059200 
2890000.000000 0.004000 
2900000.000000 0.028000 
2910000.000000 0.076800 
2920000.000000 0.032000 
2930000.000000 0.039200 
2940000.000000 0.010400 
2950000.000000 0.093600 
2960000.000000 0.142400 
2970000.000000 0.119200 
2980000.000000 0.131200 
2990000.000000 0.172800 
3000000.000000 0.144000 
3010000.000000 0.108000 
3020000.000000 0.117600 
3030000.000000 0.113600 
3040000.000000 0.181600 
3050000.000000 0.189600 
3060000.000000 0.206400 
3070000.000000 0.276000 
3080000.000000 0.335200 
3090000.000000 0.284800 
3100000.000000 0.292000 
3110000.000000 0.222400 
3120000.000000 0.212800 
3130000.000000 0.184800 
3140000.000000 0.117600 
3150000.000000 0.091200 
3160000.000000 0.198400 
3170000.000000 0.185600 
3180000.000000 0.157600 
3190000.000000 0.113600 
3200000.000000 0.111200 
3210000.000000 0.084000 
3220000.000000 0.076000 
3230000.000000 0.066400 
3240000.000000 0.002400 
3250000.000000 0.034400 
3260000.000000 0.004800 
3270000.000000 0.020800 
3280000.000000 0.080800 
3290000.000000 0.026400 
3300000.000000 0.025600 
3310000.000000 0.025600 
3320000.000000 0.037600 
3330000.000000 0.045600 
3340000.000000 0.019200 
3350000.000000 0.052800 
3360000.000000 0.028000 
3370000.000000 0.099200 
3380000.000000 0.059200 
3390000.000000 0.027200 
3400000.000000 0.039200 
3410000.000000 0.062400 
3420000.000000 0.061600 
3430000.000000 0.120800 
3440000.000000 0.172800 
3450000.000000 0.160800 
3460000.000000 0.109600 
3470000.000000 0.116000 
3480000.000000 0.103200 
3490000.000000 0.024000 
3500000.000000 0.030400 
3510000.000000 0.018400 
3520000.000000 0.014400 
3530000.000000 0.040800 
3540000.000000 0.015200 
3550000.000000 0.045600 
3560000.000000 0.038400 
3570000.000000 0.036000 
3580000.000000 0.012000 
3590000.000000 0.078400 
3600000.000000 0.084800 
3610000.000000 0.119200 
3620000.000000 0.140800 
3630000.000000 0.135200 
3640000.000000 0.225600 
3650000.000000 0.156800 
3660000.000000 0.105600 
3670000.000000 0.151200 
3680000.000000 0.091200 
3690000.000000 0.030400 
3700000.000000 0.075200 
3710000.000000 0.114400 
3720000.000000 0.164800 
3730000.000000 0.018400 
3740000.000000 0.071200 
3750000.000000 0.024800 
3760000.000000 0.032000 
3770000.000000 0.048000 
3780000.000000 0.064800 
3790000.000000 0.015200 
3800000.000000 0.058400 
3810000.000000 0.028800 
3820000.000000 0.068000 
3830000.000000 0.006400 
3840000.000000 0.063200 
3850000.000000 0.136000 
3860000.000000 0.132000 
3870000.000000 0.092000 
3880000.000000 0.057600 
3890000.000000 0.029600 
3900000.000000 0.025600 
3910000.000000 0.038400 
3920000.000000 0.008000 
3930000.000000 0.036000 
3940000.000000 0.034400 
3950000.000000 0.140800 
3960000.000000 0.072000 
3970000.000000 0.068000 
3980000.000000 0.040800 
3990000.000000 0.038400 
4000000.000000 0.014400 
4010000.000000 0.007200 
4020000.000000 0.017600 
4030000.000000 0.034400 
4040000.000000 0.037600 
4050000.000000 0.094400 
4060000.000000 0.070400 
4070000.000000 0.061600 
4080000.000000 0.108000 
4090000.000000 0.046400 
4100000.000000 0.088800 
4110000.000000 0.105600 
4120000.000000 0.068000 
4130000.000000 0.044000 
4140000.000000 0.001600 
4150000.000000 0.066400 
4160000.000000 0.172000 
4170000.000000 0.096000 
4180000.000000 0.134400 
4190000.000000 0.059200 
4200000.000000 0.004800 
4210000.000000 0.008000 
4220000.000000 0.028800 
4230000.000000 0.130400 
4240000.000000 0.099200 
4250000.000000 0.123200 
4260000.000000 0.183200 
4270000.000000 0.221600 
4280000.000000 0.196000 
4290000.000000 0.227200 
4300000.000000 0.214400 
4310000.000000 0.252800 
4320000.000000 0.230400 
4330000.000000 0.162400 
4340000.000000 0.104000 
4350000.000000 0.194400 
4360000.000000 0.217600 
4370000.000000 0.214400 
4380000.000000 0.276000 
4390000.000000 0.272800 
4400000.000000 0.284800 
4410000.000000 0.284000 
4420000.000000 0.276800 
4430000.000000 0.272800 
4440000.000000 0.207200 
4450000.000000 0.222400 
4460000.000000 0.211200 
4470000.000000 0.174400 
4480000.000000 0.116800 
4490000.000000 0.138400 
4500000.000000 0.072000 
4510000.000000 0.037600 
4520000.000000 0.044800 
4530000.000000 0.009600 
4540000.000000 0.118400 
4550000.000000 0.170400 
4560000.000000 0.207200 
4570000.000000 0.214400 
4580000.000000 0.268000 
4590000.000000 0.373600 
4600000.000000 0.372000 
4610000.000000 0.412800 
4620000.000000 0.384000 
4630000.000000 0.365600 
4640000.000000 0.379200 
4650000.000000 0.332800 
4660000.000000 0.283200 
4670000.000000 0.314400 
4680000.000000 0.303200 
4690000.000000 0.310400 
4700000.000000 0.303200 
4710000.000000 0.255200 
4720000.000000 0.264000 
4730000.000000 0.273600 
4740000.000000 0.298400 
4750000.000000 0.375200 
4760000.000000 0.338400 
4770000.000000 0.360800 
4780000.000000 0.344800 
4790000.000000 0.292000 
4800000.000000 0.291200 
4810000.000000 0.300000 
4820000.000000 0.300000 
4830000.000000 0.332800 
4840000.000000 0.330400 
4850000.000000 0.288000 
4860000.000000 0.315200 
4870000.000000 0.346400 
4880000.000000 0.284000 
4890000.000000 0.253600 
4900000.000000 0.206400 
4910000.000000 0.119200 
4920000.000000 0.126400 
4930000.000000 0.131200 
4940000.000000 0.095200 
4950000.000000 0.068800 
4960000.000000 0.148800 
4970000.000000 0.169600 
4980000.000000 0.137600 
4990000.000000 0.105600 
5000000.000000 0.128000 
5010000.000000 0.118400 
5020000.000000 0.117600 
5030000.000000 0.036000 
5040000.000000 0.037600 
5050000.000000 0.020000 
5060000.000000 0.039200 
5070000.000000 0.001600 
5080000.000000 0.036800 
5090000.000000 0.056800 
5100000.000000 0.033600 
5110000.000000 0.044000 
5120000.000000 0.072000 
5130000.000000 0.084000 
5140000.000000 0.072000 
5150000.000000 0.027200 
5160000.000000 0.116000 
5170000.000000 0.049600 
5180000.000000 0.013600 
5190000.000000 0.008800 
5200000.000000 0.030400 
5210000.000000 0.030400 
5220000.000000 0.057600 
5230000.000000 0.076000 
5240000.000000 0.070400 
5250000.000000 0.025600 
5260000.000000 0.026400 
5270000.000000 0.010400 
5280000.000000 0.076000 
5290000.000000 0.048000 
5300000.000000 0.044000 
5310000.000000 0.046400 
5320000.000000 0.077600 
5330000.000000 0.097600 
5340000.000000 0.172000 
5350000.000000 0.177600 
5360000.000000 0.207200 
5370000.000000 0.180000 
5380000.000000 0.120000 
5390000.000000 0.114400 
5400000.000000 0.050400 
5410000.000000 0.060000 
5420000.000000 0.069600 
5430000.000000 0.017600 
5440000.000000 0.003200 
5450000.000000 0.008800 
5460000.000000 0.035200 
5470000.000000 0.141600 
5480000.000000 0.103200 
5490000.000000 0.125600 
5500000.000000 0.186400 
5510000.000000 0.210400 
5520000.000000 0.165600 
5530000.000000 0.169600 
5540000.000000 0.176800 
5550000.000000 0.145600 
5560000.000000 0.170400 
5570000.000000 0.196000 
5580000.000000 0.142400 
5590000.000000 0.058400 
5600000.000000 0.036000 
5610000.000000 0.083200 
5620000.000000 0.015200 
5630000.000000 0.006400 
5640000.000000 0.001600 
5650000.000000 0.007200 
5660000.000000 0.016000 
5670000.000000 0.011200 
5680000.000000 0.000800 
5690000.000000 0.063200 
5700000.000000 0.038400 
5710000.000000 0.045600 
5720000.000000 0.058400 
5730000.000000 0.092000 
5740000.000000 0.104800 
5750000.000000 0.115200 
5760000.000000 0.176000 
5770000.000000 0.220000 
5780000.000000 0.259200 
5790000.000000 0.295200 
5800000.000000 0.264000 
5810000.000000 0.264800 
5820000.000000 0.272800 
5830000.000000 0.202400 
5840000.000000 0.249600 
5850000.000000 0.201600 
5860000.000000 0.188000 
5870000.000000 0.212800 
5880000.000000 0.300000 
5890000.000000 0.196000 
5900000.000000 0.161600 
5910000.000000 0.181600 
5920000.000000 0.227200 
5930000.000000 0.176000 
5940000.000000 0.128000 
5950000.000000 0.175200 
5960000.000000 0.154400 
5970000.000000 0.074400 
5980000.000000 0.091200 
5990000.000000 0.093600 
6000000.000000 0.083200 
6010000.000000 0.104000 
6020000.000000 0.129600 
6030000.000000 0.167200 
6040000.000000 0.148800 
6050000.000000 0.148800 
6060000.000000 0.184800 
6070000.000000 0.168800 
6080000.000000 0.154400 
6090000.000000 0.136800 
6100000.000000 0.128000 
6110000.000000 0.100800 
6120000.000000 0.134400 
6130000.000000 0.136800 
6140000.000000 0.077600 
6150000.000000 0.066400 
6160000.000000 0.082400 
6170000.000000 0.049600 
6180000.000000 0.049600 
6190000.000000 0.000800 
6200000.000000 0.010400 
6210000.000000 0.062400 
6220000.000000 0.008000 
6230000.000000 0.027200 
6240000.000000 0.047200 
6250000.000000 0.020800 
6260000.000000 0.024000 
6270000.000000 0.000000 
6280000.000000 0.012000 
6290000.000000 0.021600 
6300000.000000 0.029600 
6310000.000000 0.000800 
6320000.000000 0.007200 
6330000.000000 0.055200 
6340000.000000 0.055200 
6350000.000000 0.025600 
6360000.000000 0.072000 
6370000.000000 0.124000 
6380000.000000 0.059200 
6390000.000000 0.071200 
6400000.000000 0.038400 
6410000.000000 0.016000 
6420000.000000 0.041600 
6430000.000000 0.078400 
6440000.000000 0.016000 
6450000.000000 0.068000 
6460000.000000 0.116800 
6470000.000000 0.083200 
6480000.000000 0.102400 
6490000.000000 0.148000 
6500000.000000 0.092000 
6510000.000000 0.068800 
6520000.000000 0.064800 
6530000.000000 0.068000 
6540000.000000 0.064800 
6550000.000000 0.108800 
6560000.000000 0.141600 
6570000.000000 0.100800 
6580000.000000 0.132000 
6590000.000000 0.093600 
6600000.000000 0.147200 
6610000.000000 0.189600 
6620000.000000 0.192000 
6630000.000000 0.171200 
6640000.000000 0.175200 
6650000.000000 0.147200 
6660000.000000 0.208800 
6670000.000000 0.268000 
6680000.000000 0.317600 
6690000.000000 0.299200 
6700000.000000 0.264800 
6710000.000000 0.283200 
6720000.000000 0.263200 
6730000.000000 0.311200 
6740000.000000 0.236000 
6750000.000000 0.180000 
6760000.000000 0.064000 
6770000.000000 0.024000 
6780000.000000 0.003200 
6790000.000000 0.048800 
6800000.000000 0.052000 
6810000.000000 0.011200 
6820000.000000 0.039200 
6830000.000000 0.072000 
6840000.000000 0.048000 
6850000.000000 0.093600 
6860000.000000 0.050400 
6870000.000000 0.033600 
6880000.000000 0.030400 
6890000.000000 0.030400 
6900000.000000 0.050400 
6910000.000000 0.057600 
6920000.000000 0.021600 
6930000.000000 0.088800 
6940000.000000 0.050400 
6950000.000000 0.016800 
6960000.000000 0.047200 
6970000.000000 0.093600 
6980000.000000 0.078400 
6990000.000000 0.096800 
7000000.000000 0.042400 
7010000.000000 0.076800 
7020000.000000 0.048800 
7030000.000000 0.060800 
7040000.000000 0.009600 
7050000.000000 0.002400 
7060000.000000 0.075200 
7070000.000000 0.047200 
7080000.000000 0.040800 
7090000.000000 0.076800 
7100000.000000 0.084000 
7110000.000000 0.048800 
7120000.000000 0.068000 
7130000.000000 0.041600 
7140000.000000 0.028800 
7150000.000000 0.093600 
7160000.000000 0.056000 
7170000.000000 0.138400 
7180000.000000 0.111200 
7190000.000000 0.008800 
7200000.000000 0.024800 
7210000.000000 0.076000 
7220000.000000 0.058400 
7230000.000000 0.033600 
7240000.000000 0.050400 
7250000.000000 0.045600 
7260000.000000 0.015200 
7270000.000000 0.002400 
7280000.000000 0.004000 
7290000.000000 0.028000 
7300000.000000 0.044000 
7310000.000000 0.053600 
7320000.000000 0.034400 
7330000.000000 0.060800 
7340000.000000 0.002400 
7350000.000000 0.028800 
7360000.000000 0.020000 
7370000.000000 0.067200 
7380000.000000 0.075200 
7390000.000000 0.020000 
7400000.000000 0.036000 
7410000.000000 0.004000 
7420000.000000 0.020800 
7430000.000000 0.015200 
7440000.000000 0.011200 
7450000.000000 0.044800 
7460000.000000 0.044000 
7470000.000000 0.109600 
7480000.000000 0.080000 
7490000.000000 0.064000 
7500000.000000 0.075200 
7510000.000000 0.085600 
7520000.000000 0.056800 
7530000.000000 0.032000 
7540000.000000 0.006400 
7550000.000000 0.032800 
7560000.000000 0.030400 
7570000.000000 0.013600 
7580000.000000 0.040800 
7590000.000000 0.022400 
7600000.000000 0.033600 
7610000.000000 0.032000 
7620000.000000 0.017600 
7630000.000000 0.028000 
7640000.000000 0.080800 
7650000.000000 0.047200 
7660000.000000 0.072800 
7670000.000000 0.116000 
7680000.000000 0.104800 
7690000.000000 0.044000 
7700000.000000 0.079200 
7710000.000000 0.164800 
7720000.000000 0.302400 
7730000.000000 0.291200 
7740000.000000 0.289600 
7750000.000000 0.378400 
7760000.000000 0.283200 
7770000.000000 0.284800 
7780000.000000 0.277600 
7790000.000000 0.234400 
7800000.000000 0.217600 
7810000.000000 0.196800 
7820000.000000 0.269600 
7830000.000000 0.311200 
7840000.000000 0.297600 
7850000.000000 0.290400 
7860000.000000 0.292800 
7870000.000000 0.316000 
7880000.000000 0.184800 
7890000.000000 0.224800 
7900000.000000 0.237600 
7910000.000000 0.188000 
7920000.000000 0.147200 
7930000.000000 0.116800 
7940000.000000 0.119200 
7950000.000000 0.098400 
7960000.000000 0.132800 
7970000.000000 0.223200 
7980000.000000 0.234400 
7990000.000000 0.240800 
8000000.000000 0.232800 
8010000.000000 0.206400 
8020000.000000 0.250400 
8030000.000000 0.257600 
8040000.000000 0.292000 
8050000.000000 0.271200 
8060000.000000 0.254400 
8070000.000000 0.228800 
8080000.000000 0.273600 
8090000.000000 0.211200 
8100000.000000 0.131200 
8110000.000000 0.104800 
8120000.000000 0.101600 
8130000.000000 0.090400 
8140000.000000 0.072000 
8150000.000000 0.104800 
8160000.000000 0.174400 
8170000.000000 0.132000 
8180000.000000 0.160000 
8190000.000000 0.160800 
8200000.000000 0.128000 
8210000.000000 0.106400 
8220000.000000 0.116800 
8230000.000000 0.114400 
8240000.000000 0.174400 
8250000.000000 0.161600 
8260000.000000 0.120800 
8270000.000000 0.168000 
8280000.000000 0.200000 
8290000.000000 0.188000 
8300000.000000 0.164800 
8310000.000000 0.155200 
8320000.000000 0.147200 
8330000.000000 0.170400 
8340000.000000 0.184800 
8350000.000000 0.184000 
8360000.000000 0.182400 
8370000.000000 0.112000 
8380000.000000 0.052000 
8390000.000000 0.055200 
8400000.000000 0.010400 
8410000.000000 0.016800 
8420000.000000 0.011200 
8430000.000000 0.017600 
8440000.000000 0.024800 
8450000.000000 0.008000 
8460000.000000 0.026400 
8470000.000000 0.028000 
8480000.000000 0.016000 
8490000.000000 0.002400 
8500000.000000 0.044800 
8510000.000000 0.012800 
8520000.000000 0.086400 
8530000.000000 0.112800 
8540000.000000 0.116000 
8550000.000000 0.092800 
8560000.000000 0.055200 
8570000.000000 0.120800 
8580000.000000 0.119200 
8590000.000000 0.091200 
8600000.000000 0.130400 
8610000.000000 0.079200 
8620000.000000 0.072000 
8630000.000000 0.009600 
8640000.000000 0.062400 
8650000.000000 0.072000 
8660000.000000 0.028000 
8670000.000000 0.002400 
8680000.000000 0.020000 
8690000.000000 0.009600 
8700000.000000 0.022400 
8710000.000000 0.004000 
8720000.000000 0.022400 
8730000.000000 0.067200 
8740000.000000 0.102400 
8750000.000000 0.080000 
8760000.000000 0.097600 
8770000.000000 0.071200 
8780000.000000 0.111200 
8790000.000000 0.096000 
8800000.000000 0.076000 
8810000.000000 0.084800 
8820000.000000 0.105600 
8830000.000000 0.092000 
8840000.000000 0.139200 
8850000.000000 0.105600 
8860000.000000 0.198400 
8870000.000000 0.127200 
8880000.000000 0.102400 
8890000.000000 0.142400 
8900000.000000 0.192000 
8910000.000000 0.212800 
8920000.000000 0.182400 
8930000.000000 0.143200 
8940000.000000 0.218400 
8950000.000000 0.196000 
8960000.000000 0.182400 
8970000.000000 0.118400 
8980000.000000 0.143200 
8990000.000000 0.154400 
9000000.000000 0.114400 
9010000.000000 0.127200 
9020000.000000 0.155200 
9030000.000000 0.177600 
9040000.000000 0.182400 
9050000.000000 0.141600 
9060000.000000 0.177600 
9070000.000000 0.224000 
9080000.000000 0.330400 
9090000.000000 0.305600 
9100000.000000 0.332000 
9110000.000000 0.289600 
9120000.000000 0.230400 
9130000.000000 0.207200 
9140000.000000 0.224800 
9150000.000000 0.189600 
9160000.000000 0.277600 
9170000.000000 0.242400 
9180000.000000 0.164800 
9190000.000000 0.120000 
9200000.000000 0.093600 
9210000.000000 0.079200 
9220000.000000 0.120000 
9230000.000000 0.094400 
9240000.000000 0.094400 
9250000.000000 0.078400 
9260000.000000 0.124000 
9270000.000000 0.048000 
9280000.000000 0.163200 
9290000.000000 0.130400 
9300000.000000 0.222400 
9310000.000000 0.183200 
9320000.000000 0.180800 
9330000.000000 0.137600 
9340000.000000 0.223200 
9350000.000000 0.220000 
9360000.000000 0.196800 
9370000.000000 0.117600 
9380000.000000 0.087200 
9390000.000000 0.072000 
9400000.000000 0.068800 
9410000.000000 0.044000 
9420000.000000 0.034400 
9430000.000000 0.009600 
9440000.000000 0.011200 
9450000.000000 0.004000 
9460000.000000 0.041600 
9470000.000000 0.069600 
9480000.000000 0.058400 
9490000.000000 0.018400 
9500000.000000 0.018400 
9510000.000000 0.024000 
9520000.000000 0.009600 
9530000.000000 0.102400 
9540000.000000 0.123200 
9550000.000000 0.120000 
9560000.000000 0.092000 
9570000.000000 0.090400 
9580000.000000 0.052800 
9590000.000000 0.024800 
9600000.000000 0.016000 
9610000.000000 0.001600 
9620000.000000 0.067200 
9630000.000000 0.099200 
9640000.000000 0.136000 
9650000.000000 0.097600 
9660000.000000 0.073600 
9670000.000000 0.127200 
9680000.000000 0.159200 
9690000.000000 0.125600 
9700000.000000 0.128000 
9710000.000000 0.111200 
9720000.000000 0.062400 
9730000.000000 0.023200 
9740000.000000 0.024000 
9750000.000000 0.036000 
9760000.000000 0.082400 
9770000.000000 0.075200 
9780000.000000 0.063200 
9790000.000000 0.025600 
9800000.000000 0.048800 
9810000.000000 0.008000 
9820000.000000 0.033600 
9830000.000000 0.002400 
9840000.000000 0.006400 
9850000.000000 0.053600 
9860000.000000 0.049600 
9870000.000000 0.019200 
9880000.000000 0.035200 
9890000.000000 0.010400 
9900000.000000 0.026400 
9910000.000000 0.025600 
9920000.000000 0.012000 
9930000.000000 0.091200 
9940000.000000 0.074400 
9950000.000000 0.101600 
9960000.000000 0.131200 
9970000.000000 0.130400 
9980000.000000 0.174400 
9990000.000000 0.164000 
